0.312243	0.58034	0	0	0	0.312243	0.58034	0.6	0.6	5.19994	0	0.00691132	5.19994	0	6.95327e-310	6.9529e-310
0.714343	0.588512	7.07429	-1.84217e-17	2.0743e-17	0.862916	0.534212	0.859997	0.600045	5.19975	0.000345566	0.0138215	5.19975	0.00179686	6.95327e-310	7.7486
1.16102	0.493478	7.07668	-0.0688151	-0.00828624	1.17385	0.481073	1.11998	0.600225	5.19943	0.00103664	0.0207296	5.19943	0.00538996	0.0249749	7.7486
1.27665	0.513682	7.07176	0.192032	0.0388485	0.969149	0.397513	1.37996	0.600629	5.19899	0.00207312	0.0276344	5.19898	0.0107781	0.0249749	1.31807
1.61358	0.594653	7.09102	0.245144	0.0531429	1.65063	0.62469	1.6399	0.601347	5.19842	0.00345484	0.0345348	5.19839	0.0179597	0.000411786	1.31807
1.82135	0.569772	6.33588	0.093607	-0.057697	1.62331	0.499091	1.89982	0.60247	5.19773	0.00518158	0.0414297	5.19766	0.0269323	0.000411786	1.58135
2.15299	0.616067	6.35043	0.108325	-0.0296255	2.18882	0.648739	2.1597	0.604086	5.19691	0.00725307	0.0483182	5.19678	0.0376932	0.000190855	1.58135
2.36901	0.643373	5.59345	0.0896503	-0.214076	1.96701	0.557117	2.41954	0.606284	5.19597	0.00966898	0.0551989	5.19573	0.0502389	0.000190855	0.41704
2.6478	0.666364	5.59607	0.0781087	-0.218121	2.65526	0.66598	2.67932	0.609155	5.19491	0.0124289	0.062071	5.1945	0.0645654	2.95284e-06	0.41704
2.91489	0.656243	5.51176	0.0204214	-0.418894	2.92034	0.645898	2.93904	0.612786	5.19372	0.0155325	0.0689333	5.19309	0.080668	2.95284e-06	0.0120236
3.15008	0.653641	5.46891	0.00482067	-0.392419	3.01222	0.637046	3.19869	0.617267	5.19241	0.0189791	0.0757847	5.19147	0.0985415	0.000891991	0.0120236
3.43791	0.545875	5.50532	-0.158333	-0.877824	3.56096	0.485311	3.45825	0.622685	5.19097	0.0227684	0.0826241	5.18963	0.11818	0.000891991	0.00367661
3.74289	0.430718	5.57865	-0.289078	-1.1436	3.89365	0.311793	3.71772	0.62913	5.18942	0.0268996	0.0894504	5.18754	0.139576	0.00217994	0.00367661
4.02237	0.516832	5.54096	-0.143213	-0.569823	4.19786	0.698311	3.97708	0.636689	5.18775	0.0313721	0.0962627	5.18519	0.162724	0.00217994	0.0379514
4.29639	0.508036	5.52315	-0.137759	-0.485736	4.30935	0.578564	4.23632	0.645449	5.18595	0.0361852	0.10306	5.18256	0.187614	0.000378437	0.0379514
4.55616	0.54448	5.43436	-0.095473	-0.33767	4.61908	0.68951	4.49542	0.655498	5.18405	0.0413382	0.10984	5.17962	0.214238	0.000378437	0.00463128
4.74262	0.654275	5.2596	0.0121538	-0.0676054	4.35143	0.899174	4.75437	0.666921	5.18202	0.0468302	0.116604	5.17634	0.242587	0.0112681	0.00463128
4.99469	0.652771	5.19216	0.00276145	-0.081466	5.20901	0.66599	5.01315	0.679804	5.17988	0.0526604	0.123349	5.1727	0.272649	0.0112681	0.0193503
5.29623	0.647675	5.24936	-0.0077153	-0.0949391	5.51894	0.648233	5.27175	0.694234	5.17763	0.0588279	0.130074	5.16867	0.304413	0.00189812	0.0193503
5.55448	0.654865	5.27611	-0.00248988	-0.074179	5.22834	0.639362	5.53013	0.710295	5.17526	0.0653316	0.136779	5.16422	0.337868	0.00189812	0.0154463
5.84873	0.670014	5.31354	0.00416017	-0.0567594	6.022	0.708619	5.78828	0.728072	5.17278	0.0721706	0.143463	5.15932	0.372999	0.00121085	0.0154463
6.09207	0.594254	5.24674	-0.0535914	-0.153165	5.89392	0.373584	6.04618	0.747647	5.1702	0.0793437	0.150124	5.15393	0.409793	0.00121085	0.0238804
6.34685	0.71011	5.2204	0.0262509	-0.00931699	6.34249	0.948833	6.30379	0.769103	5.16751	0.0868499	0.156761	5.14803	0.448233	0.00476731	0.0238804
6.59739	0.741657	5.18121	0.0411375	0.0140304	6.62134	0.836138	6.5611	0.792523	5.16471	0.0946879	0.163373	5.14157	0.488305	0.00476731	0.00383481
6.84493	0.739954	5.16851	0.0344189	0.00252391	6.78214	0.714036	6.81808	0.817988	5.1618	0.102857	0.169959	5.13452	0.52999	0.000190206	0.00383481
7.0887	0.72134	5.08785	0.0155752	-0.0307223	7.29121	0.630741	7.07469	0.845578	5.1588	0.111355	0.176519	5.12685	0.573269	0.000190206	0.0294347
7.30832	0.808735	5.0405	0.0657892	0.0491807	7.13735	0.957217	7.3309	0.875373	5.15569	0.120181	0.183051	5.11851	0.618123	0.00302865	0.0294347
7.59982	0.819712	5.1471	0.0645989	0.0450632	8.08349	0.819605	7.58668	0.907449	5.15249	0.129333	0.189554	5.10946	0.664531	0.00302865	0.0490838
7.85028	0.796625	5.1395	0.0434059	0.00945538	7.80533	0.719126	7.84199	0.941886	5.14919	0.138811	0.196027	5.09966	0.712469	0.000535202	0.0490838
8.10042	0.813235	5.08394	0.0456695	0.00949539	8.40453	0.884557	8.0968	0.978759	5.14579	0.148612	0.202468	5.08907	0.761915	0.000535202	0.0227671
8.3378	0.831965	5.06345	0.0508866	0.0168879	8.24796	0.840322	8.35106	1.01814	5.14231	0.158735	0.208879	5.07766	0.812843	0.000305806	0.0227671
8.60512	0.927354	5.15234	0.101522	0.0960081	8.45858	1.41118	8.60472	1.06011	5.13873	0.169179	0.215255	5.06537	0.865226	0.000305806	0.0314944
8.842	0.989561	5.12968	0.127862	0.12908	8.74615	1.04858	8.85775	1.10473	5.13507	0.179942	0.221599	5.05216	0.919037	0.000674555	0.0314944
9.1305	1.03019	5.1884	0.136599	0.13165	9.8809	1.1419	9.1101	1.15208	5.13132	0.191022	0.227907	5.03798	0.974245	0.000674555	0.0616687
9.36771	1.06298	5.1634	0.142356	0.130828	9.25579	1.04913	9.36172	1.20223	5.12748	0.202417	0.234179	5.0228	1.03082	0.000459022	0.0616687
9.64542	1.14206	5.21735	0.171444	0.164352	10.1016	1.52474	9.61255	1.25524	5.12357	0.214126	0.240414	5.00656	1.08873	0.000459022	0.0301852
9.91662	1.27833	5.2509	0.231	0.241775	10.0484	1.44598	9.86254	1.31118	5.11958	0.226147	0.246611	4.98922	1.14794	0.00286255	0.0301852
10.1632	1.38342	5.19957	0.272162	0.291004	10.5377	1.72555	10.1117	1.37011	5.11551	0.238478	0.252769	4.97074	1.20841	0.00286255	0.0325802
10.3878	1.46181	5.16969	0.292958	0.301343	10.2492	1.45907	10.3598	1.4321	5.11137	0.251116	0.258887	4.95106	1.2701	0.00070859	0.0325802
10.6173	1.56409	5.09208	0.330599	0.344833	10.9084	1.70343	10.6069	1.49721	5.10717	0.26406	0.264964	4.93014	1.33298	0.00070859	0.0375698
10.8453	1.58127	5.05429	0.311349	0.291209	10.7313	1.45265	10.853	1.56549	5.10289	0.277309	0.271	4.90794	1.39701	0.00171057	0.0375698
11.1109	1.63335	5.09681	0.305454	0.256855	11.4783	1.42876	11.0979	1.637	5.09855	0.290859	0.276993	4.8844	1.46213	0.00171057	0.0162865
11.3926	1.66583	5.12822	0.287552	0.210004	11.587	1.61462	11.3416	1.71179	5.09414	0.304708	0.282942	4.85948	1.52832	0.00187658	0.0162865
11.6237	1.72671	5.0829	0.294324	0.207534	11.4763	1.53917	11.584	1.78992	5.08968	0.318855	0.288846	4.83313	1.59551	0.00187658	0.00772355
11.8549	1.78459	5.06191	0.296744	0.196062	11.7788	1.74591	11.8251	1.87144	5.08516	0.333298	0.294705	4.80531	1.66366	0.000295406	0.00772355
12.1094	1.87827	5.12172	0.312305	0.199802	12.136	2.14937	12.0647	1.95639	5.08058	0.348033	0.300517	4.77598	1.73273	0.000295406	0.0102052
12.3555	1.89354	5.09692	0.285981	0.146244	12.3226	1.78353	12.3029	2.04482	5.07596	0.363059	0.306282	4.74508	1.80265	0.00110728	0.0102052
12.6119	1.95105	5.1403	0.280469	0.122845	12.5457	1.77728	12.5394	2.13677	5.07128	0.378373	0.311998	4.71257	1.87338	0.00110728	0.00917146
12.8098	2.09354	5.11218	0.332654	0.191143	12.5924	2.17509	12.7743	2.23227	5.06656	0.393973	0.317665	4.67842	1.94485	0.00289602	0.00917146
13.0755	2.20214	5.20536	0.346607	0.188678	13.2198	2.6644	13.0075	2.33137	5.0618	0.409856	0.323282	4.64258	2.01701	0.00289602	0.0276829
13.2772	2.3476	5.18058	0.393142	0.243608	13.0875	2.40708	13.2388	2.43409	5.057	0.42602	0.328848	4.605	2.08981	0.00204398	0.0276829
13.453	2.51305	5.07988	0.459134	0.336844	12.7087	3.12439	13.4682	2.54047	5.05217	0.442462	0.334362	4.56565	2.16317	0.00204398	0.0744547
13.704	2.61755	5.10482	0.466356	0.322159	13.836	2.62479	13.6955	2.65053	5.0473	0.459181	0.339823	4.52448	2.23703	0.000664884	0.0744547
13.9223	2.73754	5.08917	0.487415	0.331944	13.8302	2.73893	13.9208	2.7643	5.0424	0.476172	0.34523	4.48147	2.31134	0.000664884	0.00163676
14.1508	2.8857	5.11273	0.517259	0.350539	14.2106	2.94205	14.1439	2.88179	5.03748	0.493433	0.350583	4.43656	2.38601	0.000339876	0.00163676
14.4025	2.98997	5.1763	0.506747	0.294738	14.5568	2.87021	14.3646	3.00303	5.03253	0.510962	0.355881	4.38974	2.46099	0.000339876	0.0221536
14.6134	3.0501	5.11384	0.490269	0.25136	14.4616	2.90734	14.583	3.12802	5.02756	0.528756	0.361122	4.34097	2.5362	0.00213424	0.0221536
14.8433	3.20568	5.17588	0.513525	0.257379	14.6754	3.96041	14.7989	3.25679	5.02257	0.546812	0.366307	4.29021	2.61157	0.00213424	0.00864756
15.049	3.40048	5.20354	0.563943	0.311091	15.0261	3.5067	15.0122	3.38932	5.01757	0.565128	0.371433	4.23744	2.68703	0.00115848	0.00864756
15.2571	3.5757	5.19687	0.604293	0.355004	15.3685	4.14761	15.2228	3.52563	5.01256	0.583699	0.376501	4.18263	2.76249	0.00115848	0.0100932
15.4708	3.75915	5.22593	0.638323	0.377662	15.5236	3.82936	15.4306	3.66572	5.00754	0.602525	0.381509	4.12575	2.83789	0.000436251	0.0100932
15.6828	3.89405	5.2122	0.645155	0.360452	15.7234	3.4105	15.6355	3.80957	5.00251	0.6216	0.386458	4.06678	2.91315	0.000436251	0.000485787
15.9079	4.02755	5.21081	0.646672	0.336898	15.9774	4.00094	15.8375	3.95719	4.99749	0.640923	0.391345	4.00571	2.98817	0.000336284	0.000485787
16.1006	4.19839	5.17137	0.682754	0.381087	16.3376	4.21632	16.0363	4.10854	4.99246	0.66049	0.39617	3.94251	3.0629	0.000336284	0.0190062
16.2984	4.3895	5.19483	0.713983	0.397753	16.3313	4.44499	16.2319	4.26363	4.98744	0.680299	0.400933	3.87716	3.13723	0.000246585	0.0190062
16.5091	4.55337	5.21168	0.72315	0.378016	16.7586	4.48231	16.4242	4.42242	4.98243	0.700345	0.405632	3.80966	3.21109	0.000246585	0.00652175
16.689	4.71643	5.1881	0.741007	0.377266	16.6039	4.67344	16.613	4.5849	4.97743	0.720627	0.410268	3.74	3.28438	0.000333263	0.00652175
16.8353	4.92461	5.11479	0.807349	0.480756	16.9236	5.10119	16.7983	4.75103	4.97244	0.74114	0.414838	3.66817	3.35704	0.000333263	0.0572337
16.9988	5.14593	5.1407	0.849229	0.505129	16.9955	5.21099	16.9799	4.92077	4.96747	0.761882	0.419343	3.59416	3.42897	0.000356771	0.0572337
17.1677	5.32122	5.11476	0.868896	0.503088	17.3421	4.64623	17.1579	5.09409	4.96252	0.782849	0.423782	3.51797	3.50008	0.000356771	0.000828071
17.3291	5.49461	5.08811	0.884945	0.491433	17.2894	5.43542	17.3319	5.27094	4.9576	0.804038	0.428154	3.4396	3.57028	0.000254813	0.000828071
17.4838	5.66974	5.04654	0.907062	0.49835	17.6463	4.74597	17.5019	5.45128	4.9527	0.825446	0.432459	3.35907	3.63949	0.000254813	0.00416223
17.6835	5.78073	4.9816	0.882601	0.432519	17.7853	5.62476	17.6679	5.63506	4.94783	0.847069	0.436695	3.27637	3.70762	0.00286242	0.00416223
17.8231	5.98491	4.95667	0.923755	0.477175	17.9216	6.07151	17.8297	5.82221	4.943	0.868904	0.440862	3.19151	3.77458	0.00286242	0.0111562
18.0002	6.16699	4.9598	0.930707	0.453632	18.1263	6.16985	17.9872	6.01269	4.9382	0.890947	0.444959	3.10453	3.84027	0.000709272	0.0111562
18.1487	6.37734	4.97756	0.954468	0.452203	18.1245	6.79027	18.1402	6.20641	4.93344	0.913195	0.448987	3.01542	3.90462	0.000709272	0.00172989
18.2694	6.61212	4.99991	0.995141	0.476447	18.2164	6.66138	18.2888	6.40332	4.92872	0.935644	0.452943	2.92421	3.96753	0.000398142	0.00172989
18.3995	6.82978	5.00234	1.02445	0.487353	18.4022	7.02231	18.4328	6.60333	4.92404	0.958291	0.456828	2.83093	4.0289	0.000398142	0.000746075
18.5527	6.95827	4.91054	1.01035	0.437798	18.5422	6.76013	18.572	6.80638	4.91942	0.981133	0.46064	2.7356	4.08867	0.00266895	0.000746075
18.7042	7.16259	4.9385	1.01208	0.39315	18.8089	7.24388	18.7064	7.01237	4.91484	1.00417	0.46438	2.63825	4.14672	0.00266895	0.0111044
18.9087	7.29135	4.88142	0.976801	0.320192	19.1441	7.18344	18.8359	7.22122	4.91032	1.02738	0.468047	2.53893	4.20299	0.00429398	0.0111044
18.9923	7.50012	4.82081	1.02998	0.399351	18.5479	7.4012	18.9604	7.43283	4.90586	1.05079	0.47164	2.43767	4.25737	0.00429398	0.0527772
19.0807	7.76351	4.87301	1.0806	0.44009	19.0138	7.8688	19.0798	7.64712	4.90145	1.07437	0.475158	2.3345	4.3098	0.00123146	0.0527772
19.2027	7.96997	4.87288	1.09193	0.419155	19.3089	7.67375	19.1939	7.86397	4.89711	1.09813	0.478601	2.22949	4.36017	0.00123146	0.00117394
19.2813	8.18518	4.85297	1.12455	0.435316	19.132	8.12845	19.3028	8.08329	4.89283	1.12206	0.481969	2.12266	4.40842	0.000963007	0.00117394
19.3819	8.39484	4.85233	1.13547	0.406204	19.0239	8.17194	19.4062	8.30497	4.88863	1.14615	0.48526	2.01409	4.45445	0.000963007	0.0202573
19.48	8.53976	4.74887	1.13522	0.381622	19.347	8.30741	19.5042	8.5289	4.88449	1.17042	0.488475	1.90381	4.49819	0.00325509	0.0202573
19.5699	8.74974	4.7276	1.16133	0.400894	19.6843	8.35902	19.5966	8.75494	4.88042	1.19484	0.491613	1.7919	4.53956	0.00325509	0.00281393
19.737	8.91786	4.6954	1.13715	0.343056	20.0039	8.8906	19.6835	8.983	4.87643	1.21942	0.494673	1.67841	4.57848	0.00370008	0.00281393
19.8074	9.14202	4.67811	1.17925	0.396101	19.6061	9.48659	19.7645	9.21294	4.87251	1.24416	0.497655	1.56341	4.61488	0.00370008	0.0109928
19.9396	9.36466	4.70607	1.18142	0.372023	20.1574	9.45949	19.8398	9.44463	4.86868	1.26904	0.500558	1.44697	4.64869	0.00212861	0.0109928
19.9797	9.59229	4.67042	1.24072	0.458367	19.6163	9.76606	19.9093	9.67795	4.86493	1.29407	0.503383	1.32916	4.67984	0.00212861	0.0364253
20.0664	9.83069	4.6995	1.26182	0.455257	20.1573	9.90876	19.9728	9.91275	4.86127	1.31923	0.506127	1.21005	4.70826	0.000531933	0.0364253
20.1276	10.0791	4.7423	1.28483	0.439725	19.1911	11.5493	20.0303	10.1489	4.85769	1.34454	0.508793	1.08972	4.73389	0.000531933	0.00502588
20.1732	10.3516	4.79966	1.32469	0.461442	20.166	10.4687	20.0818	10.3863	4.85421	1.36998	0.511377	0.968259	4.75666	0.00085384	0.00502588
20.1852	10.5923	4.78187	1.38226	0.530707	19.6775	10.803	20.1271	10.6247	4.85081	1.39555	0.513881	0.845742	4.77652	0.00085384	0.0301531
20.2425	10.8629	4.83718	1.40857	0.528438	20.371	11.0109	20.1663	10.864	4.84751	1.42124	0.516304	0.722256	4.7934	0.00146815	0.0301531
20.2727	11.1194	4.86897	1.43292	0.511154	19.4335	12.3402	20.1993	11.1041	4.84431	1.44706	0.518645	0.597892	4.80727	0.00146815	0.00369602
20.3066	11.3565	4.86366	1.45618	0.508475	20.3164	11.3483	20.2261	11.3449	4.8412	1.47299	0.520904	0.472738	4.81807	1.08495e-05	0.00369602
20.2456	11.6109	4.84466	1.5505	0.649961	19.2063	12.2418	20.2466	11.5861	4.8382	1.49904	0.523081	0.346889	4.82575	1.08495e-05	0.108302
20.3182	11.8474	4.84239	1.55103	0.609858	20.6141	11.9422	20.2608	11.8275	4.83529	1.52519	0.525176	0.220439	4.83027	0.00395737	0.108302
20.3499	12.0804	4.84891	1.53896	0.504027	19.966	11.9688	20.2687	12.0692	4.83249	1.55145	0.527187	0.093487	4.83159	0.00395737	0.055854
20.3363	12.3655	4.91313	1.57588	0.515454	20.3263	12.4966	20.2701	12.3108	4.8298	1.57781	0.529115	-0.0338694	4.82968	0.000948292	0.055854
20.2831	12.606	4.89218	1.64427	0.610891	20.0192	12.4823	20.2652	12.5522	4.82722	1.60426	0.53096	-0.161529	4.82451	0.000948292	0.0462933
20.309	12.8432	4.87928	1.65406	0.58587	20.498	12.8924	20.254	12.7933	4.82474	1.63081	0.532721	-0.28939	4.81605	0.00161921	0.0462933
20.2974	13.0756	4.86228	1.678	0.5809	20.9151	12.2555	20.2363	13.0339	4.82237	1.65745	0.534397	-0.417348	4.80428	0.00161921	0.000975413
20.2617	13.2878	4.81995	1.70855	0.584687	20.1943	13.1688	20.2122	13.2738	4.82012	1.68417	0.53599	-0.545298	4.78918	0.000742897	0.000975413
20.2243	13.5235	4.82077	1.72952	0.557846	19.858	13.5236	20.1818	13.5129	4.81798	1.71097	0.537498	-0.673135	4.77072	0.000742897	0.0117183
20.2049	13.7806	4.84565	1.74836	0.545671	20.3245	13.8896	20.1449	13.7509	4.81595	1.73784	0.53892	-0.800753	4.74892	0.000978161	0.0117183
20.1485	14.0088	4.83128	1.78675	0.573068	20.3387	13.5307	20.1017	13.9878	4.81404	1.76479	0.540258	-0.928043	4.72374	0.000978161	0.00476065
20.0936	14.2625	4.85941	1.81504	0.571456	20.1216	14.337	20.0521	14.2233	4.81225	1.7918	0.54151	-1.0549	4.69521	0.000264337	0.00476065
20.0219	14.4922	4.85639	1.84444	0.566165	19.6717	14.4038	19.9962	14.4573	4.81058	1.81888	0.542677	-1.18121	4.66331	0.000264337	0.01133
19.9131	14.7456	4.90204	1.88823	0.583112	19.781	14.773	19.934	14.6897	4.80903	1.84601	0.543759	-1.30687	4.62805	0.000955511	0.01133
19.8477	14.9647	4.88061	1.89867	0.534532	20.1149	14.0165	19.8655	14.9202	4.80759	1.8732	0.544754	-1.43177	4.58944	0.000955511	0.0190013
19.82	15.182	4.83846	1.90466	0.511373	20.0208	15.2053	19.7908	15.1486	4.80628	1.90044	0.545663	-1.55581	4.54751	0.00186183	0.0190013
19.6842	15.3905	4.82344	1.99891	0.687158	20.0157	15.3443	19.7099	15.3749	4.80509	1.92772	0.546486	-1.67887	4.50226	0.00186183	0.127598
19.6552	15.5777	4.74048	2.00646	0.658075	19.9131	15.554	19.6229	15.5989	4.80403	1.95504	0.547223	-1.80085	4.45372	0.00334963	0.127598
19.5635	15.7836	4.72412	2.02805	0.63019	19.9388	15.0864	19.5298	15.8203	4.80309	1.98241	0.547873	-1.92164	4.40193	0.00334963	0.00435034
19.459	15.996	4.72561	2.05806	0.628322	19.4748	16.0098	19.4307	16.039	4.80227	2.0098	0.548437	-2.04114	4.3469	1.66864e-05	0.00435034
19.3596	16.2055	4.72086	2.06494	0.561412	19.1556	16.0022	19.3257	16.2549	4.80158	2.03722	0.548915	-2.15925	4.28868	1.66864e-05	0.0246264
19.2508	16.3826	4.67656	2.09472	0.565402	19.238	16.2719	19.2148	16.4679	4.80101	2.06467	0.549305	-2.27586	4.22731	0.000554993	0.0246264
19.133	16.5793	4.66977	2.12431	0.570275	19.4007	16.2962	19.0981	16.6777	4.80057	2.09213	0.549609	-2.39087	4.16284	0.000554993	0.000143612
19.0033	16.7893	4.69105	2.15228	0.568758	19.0029	16.8387	18.9757	16.8841	4.80025	2.11961	0.549826	-2.50418	4.0953	0.000114171	0.000143612
18.8454	16.9795	4.70744	2.22271	0.682386	18.8373	17.7112	18.8477	17.0872	4.80006	2.1471	0.549957	-2.61571	4.02476	0.000114171	0.0708851
18.6702	17.2135	4.79653	2.25824	0.680387	18.6148	17.3832	18.7142	17.2866	4.8	2.1746	0.55	-2.72534	3.95127	0.0016424	0.0708851
18.5709	17.4212	4.77153	2.22332	0.509067	18.8177	17.0316	18.5752	17.4822	4.80006	2.2021	0.549957	-2.83299	3.87489	0.0016424	0.116133
18.358	17.6131	4.83289	2.27005	0.531405	18.1023	17.5529	18.4309	17.674	4.80025	2.2296	0.549826	-2.93858	3.79568	0.00299091	0.116133
18.221	17.8063	4.82472	2.26586	0.451103	18.2749	17.4877	18.2814	17.8617	4.80057	2.25709	0.549609	-3.042	3.71372	0.00299091	0.0282894
18.0927	17.9941	4.8051	2.27832	0.440056	18.2094	18.0461	18.1268	18.0453	4.80101	2.28457	0.549305	-3.14318	3.62906	0.000664435	0.0282894
17.9153	18.1462	4.78877	2.33127	0.514883	18.3021	17.498	17.9671	18.2246	4.80158	2.31204	0.548915	-3.24204	3.5418	0.000664435	0.027332
17.786	18.2897	4.71872	2.35151	0.510629	17.9018	18.2183	17.8026	18.3994	4.80227	2.33948	0.548437	-3.3385	3.45199	0.00101124	0.027332
17.6525	18.4709	4.70269	2.35719	0.476769	18.8558	18.1364	17.6334	18.5697	4.80309	2.3669	0.547873	-3.43247	3.35973	0.00101124	0.0440681
17.4594	18.6537	4.74993	2.38391	0.478724	17.3845	18.7039	17.4595	18.7353	4.80403	2.3943	0.547223	-3.5239	3.26509	0.000445862	0.0440681
17.2777	18.7934	4.73468	2.42517	0.519688	17.7945	18.0801	17.281	18.8962	4.80509	2.42166	0.546486	-3.61271	3.16817	0.000445862	0.00988982
17.1173	18.9305	4.69553	2.4495	0.518885	17.1762	18.8863	17.0983	19.0521	4.80628	2.44898	0.545663	-3.69883	3.06904	0.000297865	0.00988982
16.9499	19.1009	4.70382	2.4603	0.491403	16.9398	19.7311	16.9113	19.203	4.80759	2.47627	0.544754	-3.78221	2.9678	0.000297865	0.0260886
16.7331	19.2167	4.70619	2.50215	0.511757	16.5734	19.052	16.7201	19.3488	4.80903	2.5035	0.543759	-3.86278	2.86455	0.00200725	0.0260886
16.5427	19.3695	4.72446	2.52878	0.523503	16.1674	20.2201	16.5251	19.4894	4.81058	2.53069	0.542677	-3.9405	2.75938	0.00200725	0.017731
16.3176	19.531	4.78867	2.55446	0.52077	16.2338	19.6171	16.3262	19.6246	4.81225	2.55783	0.54151	-4.01531	2.65237	0.000788589	0.017731
16.0944	19.6126	4.76954	2.612	0.581523	16.4366	18.2742	16.1237	19.7545	4.81404	2.5849	0.540258	-4.08716	2.54364	0.000788589	0.0816957
15.8886	19.7562	4.79383	2.63258	0.570684	15.9243	19.8703	15.9176	19.8789	4.81595	2.61191	0.53892	-4.15602	2.43329	0.000577206	0.0816957
15.7004	19.8826	4.76579	2.62908	0.486512	16.2328	19.2166	15.7082	19.9978	4.81798	2.63886	0.537498	-4.22185	2.32141	0.000577206	0.0316549
15.47	20.0369	4.83004	2.64508	0.474268	15.4332	20.1836	15.4956	20.111	4.82012	2.66574	0.53599	-4.28461	2.2081	0.00111949	0.0316549
15.2576	20.1792	4.85464	2.65512	0.450164	14.3677	21.3406	15.2799	20.2185	4.82237	2.69253	0.534397	-4.34427	2.09347	0.00111949	0.0214108
15.07	20.3122	4.83898	2.66461	0.435445	15.2016	20.4385	15.0613	20.3203	4.82474	2.71925	0.532721	-4.4008	1.97763	0.00127691	0.0214108
14.8391	20.3929	4.83774	2.70788	0.479641	14.7476	19.9571	14.84	20.4162	4.82721	2.74589	0.53096	-4.4542	1.86068	0.00127691	0.0260171
14.6237	20.5127	4.84882	2.72384	0.469981	14.6665	20.6088	14.6161	20.5063	4.8298	2.77244	0.529115	-4.50443	1.74272	0.000432304	0.0260171
14.3868	20.5986	4.86661	2.76569	0.5171	13.841	21.0031	14.3897	20.5904	4.8325	2.79889	0.527187	-4.55149	1.62386	0.000432304	0.00940329
14.14	20.6719	4.88221	2.79948	0.525946	14.0521	20.5924	14.1611	20.6686	4.83529	2.82525	0.525176	-4.59537	1.50421	0.000542447	0.00940329
13.9034	20.7429	4.88993	2.83797	0.557994	13.8232	20.859	13.9304	20.7408	4.8382	2.85151	0.523081	-4.63606	1.38386	0.000542447	0.00444439
13.6285	20.8051	4.93989	2.87469	0.566729	13.4686	20.7253	13.6977	20.807	4.8412	2.87767	0.520904	-4.67357	1.26294	0.00132492	0.00444439
13.3818	20.8348	4.94322	2.93438	0.642939	13.8263	20.4261	13.4632	20.8671	4.84431	2.90371	0.518645	-4.70789	1.14153	0.00132492	0.02503
13.1347	20.8731	4.94415	2.97032	0.647363	13.1072	20.8294	13.2271	20.9211	4.84751	2.92964	0.516304	-4.73904	1.01975	0.000101186	0.02503
12.9044	20.9332	4.93212	2.98688	0.616323	13.2669	21.1579	12.9895	20.969	4.85081	2.95546	0.513881	-4.76702	0.897694	0.000101186	0.0198537
12.7038	20.9749	4.87451	3.01091	0.610967	12.8729	21.0592	12.7506	21.0108	4.85421	2.98115	0.511377	-4.79186	0.775469	0.00148448	0.0198537
12.4523	21.0166	4.89516	3.03621	0.602306	11.5171	21.6724	12.5106	21.0465	4.85769	3.00672	0.508793	-4.81358	0.653175	0.00148448	0.00148046
12.2045	21.0529	4.9083	3.06098	0.59524	12.2062	21.11	12.2695	21.0761	4.86127	3.03216	0.506127	-4.83219	0.530912	0.000143694	0.00148046
11.9673	21.0729	4.90193	3.09126	0.601319	12.3859	21.1066	12.0276	21.0996	4.86493	3.05747	0.503383	-4.84773	0.408778	0.000143694	0.00574356
11.7244	21.0412	4.8821	3.13756	0.621856	11.6814	20.8651	11.785	21.117	4.86868	3.08264	0.500558	-4.86022	0.286869	0.00133405	0.00574356
11.4789	21.0281	4.87807	3.17089	0.62032	11.5265	20.6748	11.5418	21.1283	4.87251	3.10767	0.497655	-4.86971	0.165281	0.00133405	0.00827162
11.2623	21.0205	4.83934	3.20031	0.620188	11.363	21.0688	11.2982	21.1335	4.87643	3.13255	0.494673	-4.87623	0.0441057	0.000527732	0.00827162
11.0098	20.9819	4.84834	3.23846	0.625262	10.5558	20.5567	11.0544	21.1327	4.88042	3.15728	0.491613	-4.87982	-0.076565	0.000527732	0.0350572
10.7993	20.9425	4.80032	3.27546	0.634625	10.8903	20.927	10.8105	21.1259	4.88449	3.18186	0.488475	-4.88053	-0.196643	0.000470073	0.0350572
10.5487	20.9458	4.79469	3.26782	0.539573	9.30535	21.3896	10.5666	21.1131	4.88862	3.20629	0.48526	-4.8784	-0.31604	0.000470073	0.0351906
10.265	20.9781	4.87548	3.26444	0.497788	10.189	21.209	10.3229	21.0943	4.89283	3.23055	0.481969	-4.87349	-0.434674	0.00307874	0.0351906
10.025	20.9598	4.87488	3.28269	0.488532	9.97958	21.2932	10.0795	21.0697	4.89711	3.25465	0.478601	-4.86585	-0.552463	0.00307874	0.00844188
9.83237	20.9214	4.80286	3.3107	0.495665	9.99634	20.9797	9.83658	21.0391	4.90145	3.27858	0.475158	-4.85554	-0.669327	0.00137955	0.00844188
9.59367	20.9162	4.78294	3.29947	0.412133	9.38223	21.111	9.59422	21.0028	4.90586	3.30234	0.47164	-4.84262	-0.785189	0.00137955	0.0298253
9.40248	20.8656	4.71586	3.32813	0.424182	9.53921	20.8762	9.35258	20.9607	4.91032	3.32592	0.468047	-4.82714	-0.899977	0.000982554	0.0298253
9.18065	20.8225	4.70924	3.35402	0.440521	9.63392	20.9724	9.11177	20.9128	4.91484	3.34932	0.46438	-4.80919	-1.01362	0.000982554	0.0110758
8.88685	20.795	4.80596	3.3596	0.417617	8.70331	20.8221	8.87192	20.8594	4.91942	3.37254	0.46064	-4.78881	-1.12605	0.0019793	0.0110758
8.67255	20.713	4.78559	3.40073	0.455829	9.84634	20.009	8.63315	20.8003	4.92404	3.39557	0.456828	-4.76608	-1.2372	0.0019793	0.00663639
8.39674	20.6306	4.85464	3.42649	0.457728	8.22277	20.4839	8.39557	20.7358	4.92872	3.41841	0.452943	-4.74108	-1.34701	0.00206121	0.00663639
8.16777	20.5491	4.85985	3.4602	0.482781	8.29647	20.4978	8.1593	20.6657	4.93344	3.44106	0.448987	-4.71387	-1.45542	0.00206121	0.00251695
7.92607	20.4697	4.87799	3.48311	0.480744	7.88599	20.45	7.92445	20.5903	4.9382	3.46351	0.444959	-4.68453	-1.56237	8.97582e-05	0.00251695
7.71095	20.3815	4.87874	3.52336	0.526343	8.29081	20.6565	7.69111	20.5096	4.943	3.48576	0.440862	-4.65313	-1.66781	8.97582e-05	0.0287226
7.40055	20.3254	4.99841	3.52079	0.486482	7.18029	20.392	7.45939	20.4237	4.94783	3.5078	0.436695	-4.61975	-1.7717	0.00329858	0.0287226
7.16748	20.2291	4.9982	3.5428	0.478684	7.09214	20.1196	7.22939	20.3326	4.9527	3.52963	0.432459	-4.58448	-1.87399	0.00329858	0.00184695
6.90286	20.1469	5.04669	3.55312	0.460118	6.81542	20.1859	7.00119	20.2364	4.9576	3.55126	0.428154	-4.54738	-1.97462	0.000589919	0.00184695
6.67576	20.0559	5.03337	3.56781	0.442596	6.89359	20.1536	6.7749	20.1352	4.96252	3.57266	0.423782	-4.50854	-2.07357	0.000589919	0.00435837
6.42842	19.9649	5.05742	3.58007	0.429551	6.38914	20.0137	6.55059	20.0292	4.96747	3.59385	0.419343	-4.46805	-2.17079	0.000237798	0.00435837
6.21051	19.8711	5.04088	3.59855	0.429227	6.67637	20.2142	6.32834	19.9183	4.97244	3.61482	0.414838	-4.42598	-2.26625	0.000237798	0.0222478
5.94767	19.7783	5.08884	3.60419	0.40815	5.86119	19.8306	6.10823	19.8027	4.97743	3.63556	0.410268	-4.38241	-2.35993	0.000668913	0.0222478
5.72043	19.6301	5.1253	3.65162	0.469889	5.28178	19.5036	5.89034	19.6824	4.98243	3.65608	0.405632	-4.33744	-2.45178	0.000668913	0.0249218
5.54725	19.5048	5.05485	3.68479	0.483805	5.69089	19.5755	5.67472	19.5577	4.98744	3.67636	0.400933	-4.29114	-2.5418	0.00124104	0.0249218
5.34744	19.3548	5.04486	3.72086	0.503111	5.9506	18.9859	5.46145	19.4284	4.99246	3.6964	0.39617	-4.24359	-2.62995	0.00124104	0.00429798
5.13446	19.2526	5.03297	3.73062	0.483916	5.17021	19.4397	5.25059	19.2948	4.99749	3.71621	0.391345	-4.19488	-2.71622	0.00139608	0.00429798
4.94112	19.1423	4.97423	3.73454	0.436143	5.87397	19.301	5.04219	19.157	5.00251	3.73578	0.386458	-4.1451	-2.80059	0.00139608	0.0327357
4.78186	18.9893	4.91829	3.77272	0.459088	4.89149	18.982	4.8363	19.015	5.00754	3.7551	0.381509	-4.09432	-2.88305	0.000782889	0.0327357
4.57451	18.8385	4.94952	3.80088	0.478238	3.98679	19.0452	4.63297	18.8689	5.01256	3.77418	0.376501	-4.04263	-2.96359	0.000782889	0.00388233
4.39797	18.706	4.91479	3.82184	0.475526	4.4685	18.834	4.43224	18.7188	5.01757	3.793	0.371433	-3.99012	-3.0422	0.000795523	0.00388233
4.21462	18.5651	4.87343	3.83078	0.436384	4.69245	18.4634	4.23416	18.5648	5.02257	3.81158	0.366307	-3.93685	-3.11888	0.000795523	0.0102598
4.09362	18.4079	4.7888	3.87284	0.465978	4.26269	18.481	4.03876	18.4071	5.02756	3.82989	0.361122	-3.88293	-3.19362	0.00183157	0.0102598
3.91594	18.2324	4.85691	3.92338	0.543695	3.42434	18.8357	3.84606	18.2457	5.03253	3.84795	0.355881	-3.82841	-3.26644	0.00183157	0.0631714
3.65358	18.0935	4.94992	3.90728	0.482526	3.45919	18.167	3.65611	18.0807	5.03748	3.86574	0.350583	-3.77339	-3.33732	0.00311518	0.0631714
3.48906	17.9444	4.8856	3.9136	0.435861	4.3011	17.9267	3.46891	17.9122	5.0424	3.88327	0.34523	-3.71795	-3.40627	0.00311518	0.0202792
3.25869	17.7791	4.95116	3.91286	0.403564	3.12525	17.7493	3.28449	17.7402	5.0473	3.90053	0.339823	-3.66215	-3.47331	0.00118475	0.0202792
3.08302	17.5933	4.9932	3.95121	0.45293	2.65664	17.888	3.10287	17.565	5.05217	3.91752	0.334362	-3.60609	-3.53844	0.00118475	0.0197643
2.90164	17.4768	4.95591	3.94752	0.419274	2.9449	17.8154	2.92405	17.3866	5.057	3.93424	0.328848	-3.54982	-3.60167	0.00441403	0.0197643
2.76742	17.2571	4.98798	4.01219	0.509178	3.26647	17.0897	2.74805	17.2051	5.0618	3.95068	0.323282	-3.49344	-3.66302	0.00441403	0.0320639
2.59086	17.071	5.00453	4.02875	0.496961	2.55407	17.0853	2.57486	17.0205	5.06656	3.96685	0.317665	-3.437	-3.72251	0.000116423	0.0320639
2.42371	16.907	4.94089	4.02188	0.423472	2.55039	16.8884	2.4045	16.833	5.07128	3.98273	0.311998	-3.38059	-3.78014	0.000116423	0.0331909
2.25795	16.7353	4.93552	4.03263	0.409708	2.25371	16.8334	2.23695	16.6427	5.07596	3.99833	0.306282	-3.32428	-3.83595	0.000390469	0.0331909
2.07886	16.5413	4.93707	4.03263	0.362557	1.57735	16.0489	2.07221	16.4497	5.08058	4.01365	0.300517	-3.26812	-3.88995	0.000390469	0.0362515
1.92545	16.3109	4.97085	4.06218	0.376969	1.88972	16.1054	1.91027	16.254	5.08516	4.02867	0.294705	-3.21219	-3.94216	0.0016015	0.0362515
1.76321	16.1363	4.93628	4.0582	0.328692	1.74362	16.2687	1.75112	16.0557	5.08968	4.04341	0.288846	-3.15656	-3.99261	0.0016015	0.0135888
1.55355	15.9706	4.97313	4.04017	0.281421	1.44745	16.0853	1.59474	15.8549	5.09414	4.05785	0.282942	-3.10129	-4.04132	0.00159647	0.0135888
1.43408	15.7359	5.0162	4.09737	0.370243	1.6097	15.5526	1.44111	15.6517	5.09855	4.07199	0.276993	-3.04644	-4.08832	0.00159647	0.0356744
1.26049	15.5184	5.05997	4.10638	0.356611	1.18395	15.4284	1.29021	15.4463	5.10289	4.08584	0.271	-2.99207	-4.13364	0.000628909	0.0356744
1.10022	15.3262	5.05302	4.10833	0.328825	0.828993	15.528	1.14201	15.2386	5.10717	4.09939	0.264964	-2.93825	-4.1773	0.000628909	0.00577621
0.885133	15.1093	5.13656	4.0959	0.288237	0.722706	15.0075	0.996486	15.0288	5.11138	4.11264	0.258887	-2.88503	-4.21933	0.00211565	0.00577621
0.731904	14.9296	5.0856	4.08822	0.239183	1.03147	15.2134	0.853604	14.8169	5.11551	4.12559	0.252769	-2.83246	-4.25977	0.00211565	0.0246405
0.635302	14.7148	5.04181	4.12372	0.271337	0.737301	14.7047	0.71333	14.603	5.11958	4.13823	0.246611	-2.78061	-4.29864	0.000797892	0.0246405
0.527823	14.4712	5.07814	4.17237	0.341871	0.722177	14.2445	0.575628	14.3872	5.12357	4.15056	0.240414	-2.72952	-4.33598	0.000797892	0.0263232
0.352875	14.2495	5.12773	4.17038	0.315352	0.253435	14.2029	0.440459	14.1696	5.12748	4.16258	0.234179	-2.67925	-4.37181	0.000762099	0.0263232
0.236734	13.9954	5.20275	4.22011	0.395642	-0.0328023	13.9604	0.307779	13.9502	5.13132	4.17429	0.227907	-2.62984	-4.40617	0.000762099	0.0416736
0.232023	13.7444	5.11367	4.29596	0.473414	0.459172	13.6856	0.177545	13.7292	5.13507	4.18568	0.221599	-2.58135	-4.43909	0.00419429	0.0416736
0.132815	13.5015	5.15018	4.32914	0.499234	0.0524412	13.6377	0.0497099	13.5065	5.13873	4.19676	0.215255	-2.53381	-4.47061	0.00419429	0.0091004
-0.0394719	13.271	5.20866	4.31509	0.442947	-0.190344	13.2856	-0.0757753	13.2823	5.14231	4.20752	0.208879	-2.48728	-4.50075	0.00183164	0.0091004
-0.159896	13.0538	5.16343	4.31173	0.389711	-0.275043	13.1456	-0.198962	13.0566	5.14579	4.21797	0.202468	-2.44179	-4.52955	0.00183164	0.0169698
-0.154751	12.8263	5.06826	4.37921	0.460514	0.0462308	12.9301	-0.319903	12.8295	5.14919	4.22809	0.196027	-2.39739	-4.55704	0.00348694	0.0169698
-0.276735	12.6025	5.03034	4.36729	0.390543	-0.684792	12.3563	-0.438654	12.6011	5.15249	4.23789	0.189554	-2.35412	-4.58326	0.00348694	0.0271787
-0.400708	12.3675	5.05811	4.3657	0.359518	-0.476482	12.3633	-0.555273	12.3714	5.15569	4.24737	0.183051	-2.31202	-4.60823	0.000475946	0.0271787
-0.532322	12.1599	5.02909	4.34692	0.295425	-0.972122	12.5207	-0.669818	12.1404	5.1588	4.25652	0.176519	-2.27111	-4.63198	0.000475946	0.026826
-0.608925	11.9413	5.00194	4.36471	0.300481	-0.582624	12.0386	-0.78235	11.9083	5.1618	4.26535	0.169959	-2.23144	-4.65456	0.000384484	0.026826
-0.742877	11.7135	5.01358	4.34855	0.249036	-1.26757	11.6495	-0.892931	11.6751	5.16471	4.27385	0.163373	-2.19304	-4.67598	0.000384484	0.0026777
-0.948596	11.4718	5.10297	4.30178	0.163667	-1.17212	11.3988	-1.00163	11.4409	5.16751	4.28201	0.156761	-2.15594	-4.69628	0.00417261	0.0026777
-1.06317	11.2458	5.06682	4.2883	0.111028	-0.891441	10.959	-1.1085	11.2057	5.1702	4.28985	0.150124	-2.12017	-4.71549	0.00417261	0.024316
-1.24269	11.0212	5.11467	4.25516	0.057464	-1.39289	11.0424	-1.21362	10.9695	5.17278	4.29736	0.143463	-2.08575	-4.73364	0.00175464	0.024316
-1.31233	10.7721	5.148	4.30087	0.147346	-1.29894	10.9012	-1.31706	10.7324	5.17526	4.30453	0.136779	-2.05273	-4.75075	0.00175464	0.0332471
-1.44027	10.5193	5.18837	4.29875	0.134453	-1.49687	10.4198	-1.41889	10.4945	5.17763	4.31137	0.130074	-2.02111	-4.76686	0.000580899	0.0332471
-1.52362	10.2547	5.23649	4.33215	0.192478	-1.59293	10.0212	-1.51917	10.2559	5.17988	4.31787	0.123349	-1.99093	-4.78198	0.000580899	0.0244583
-1.61898	10.0452	5.19554	4.33677	0.186269	-1.61875	10.2374	-1.61797	10.0165	5.18202	4.32404	0.116604	-1.96221	-4.79615	0.00134768	0.0244583
-1.70896	9.81483	5.16949	4.34282	0.175782	-1.59702	9.96554	-1.71539	9.77637	5.18405	4.32987	0.10984	-1.93498	-4.80939	0.00134768	0.00337193
-1.7797	9.59512	5.12681	4.35861	0.185802	-1.73381	9.71347	-1.81147	9.53564	5.18596	4.33536	0.10306	-1.90924	-4.82172	0.000667387	0.00337193
-1.88883	9.34205	5.18417	4.36905	0.204156	-2.27191	9.37316	-1.90631	9.29431	5.18775	4.34052	0.0962627	-1.88502	-4.83316	0.000667387	0.00912913
-1.96684	9.04924	5.23773	4.39009	0.218116	-1.93833	8.77028	-1.99998	9.05243	5.18942	4.34533	0.0894504	-1.86233	-4.84374	0.00287793	0.00912913
-2.05498	8.8266	5.18656	4.3848	0.179344	-1.96565	9.13274	-2.09256	8.81003	5.19097	4.3498	0.0826241	-1.8412	-4.85347	0.00287793	0.019811
-2.14971	8.57463	5.20401	4.38867	0.172032	-2.1768	8.5411	-2.18412	8.56717	5.19241	4.35393	0.0757847	-1.82164	-4.86238	9.41907e-05	0.019811
-2.28132	8.31974	5.25099	4.37365	0.13791	-2.65862	8.19477	-2.27474	8.32388	5.19372	4.35772	0.0689333	-1.80365	-4.87047	9.41907e-05	0.000186988
-2.32285	8.08692	5.19888	4.40026	0.16568	-2.21875	8.15339	-2.3645	8.0802	5.19491	4.36117	0.062071	-1.78726	-4.87778	0.000895057	0.000186988
-2.38544	7.87417	5.13475	4.40837	0.159731	-2.273	8.52315	-2.45348	7.83617	5.19597	4.36427	0.0551989	-1.77248	-4.8843	0.000895057	0.0388765
-2.5001	7.62274	5.17211	4.39859	0.135039	-2.59674	7.60288	-2.54177	7.59184	5.19691	4.36703	0.0483182	-1.75931	-4.89006	0.000598773	0.0388765
-2.67189	7.38702	5.19203	4.3421	0.016768	-3.08256	7.38874	-2.62944	7.34723	5.19773	4.36945	0.0414297	-1.74777	-4.89507	0.000598773	0.0387408
-2.77628	7.13218	5.21692	4.33958	0.0120451	-2.79865	7.064	-2.71658	7.10238	5.19842	4.37152	0.0345348	-1.73786	-4.89933	0.000213695	0.0387408
-2.8312	6.89686	5.1949	4.36976	0.0733066	-2.79412	7.20818	-2.80326	6.85734	5.19899	4.37325	0.0276344	-1.72958	-4.90286	0.000213695	0.0174064
-2.87037	6.69001	5.10827	4.39023	0.0951382	-2.74651	6.86867	-2.88957	6.61214	5.19943	4.37463	0.0207296	-1.72295	-4.90566	0.00218979	0.0174064
-2.9355	6.46817	5.04037	4.38268	0.047587	-2.57673	6.36755	-2.97559	6.36681	5.19975	4.37567	0.0138215	-1.71797	-4.90774	0.00218979	0.0231467
-2.98942	6.23258	5.01479	4.39704	0.0632365	-2.90217	6.22989	-3.0614	6.12139	5.19994	4.37636	0.00691132	-1.71464	-4.90911	0.000389208	0.0231467
-3.10686	5.98425	5.06875	4.38828	0.0568793	-3.50172	6.10796	-3.14709	5.87592	5.2	4.3767	-1.76894e-16	-1.71297	-4.90976	0.000389208	0.00932504
-3.19003	5.71014	5.11636	4.3938	0.0601597	-3.1778	5.53101	-3.23274	5.63043	5.19994	4.3767	-0.00691132	-1.71295	-4.9097	0.00121937	0.00932504
-3.30063	5.46271	5.1266	4.36785	-0.00729928	-3.19736	5.19093	-3.31843	5.38496	5.19975	4.37636	-0.0138215	-1.71458	-4.90893	0.00121937	0.023688
-3.39909	5.20179	5.16349	4.36463	-0.0109566	-3.43031	5.10507	-3.40424	5.13955	5.19943	4.37567	-0.0207296	-1.71787	-4.90745	0.000427128	0.023688
-3.46246	4.95554	5.1594	4.38581	0.0370268	-3.4281	4.94644	-3.49026	4.89422	5.19899	4.37463	-0.0276344	-1.72281	-4.90525	0.000427128	0.00922849
-3.57845	4.67708	5.23542	4.37782	0.025501	-3.69435	4.52196	-3.57657	4.64902	5.19842	4.37325	-0.0345348	-1.72939	-4.90233	0.00163271	0.00922849
-3.68746	4.42463	5.24763	4.35383	-0.0380274	-3.50501	4.17643	-3.66325	4.40398	5.19773	4.37152	-0.0414297	-1.73763	-4.89868	0.00163271	0.0247163
-3.82321	4.15347	5.3221	4.33796	-0.0536504	-4.00238	4.04684	-3.75039	4.15913	5.19691	4.36945	-0.0483182	-1.74749	-4.8943	0.00187557	0.0247163
-3.90003	3.91248	5.30392	4.35738	0.00284871	-4.06447	4.10977	-3.83806	3.91452	5.19597	4.36703	-0.0551989	-1.75899	-4.88918	0.00187557	0.0191714
-3.97207	3.6802	5.26255	4.36266	0.00746673	-3.88053	3.75177	-3.92635	3.67019	5.19491	4.36427	-0.062071	-1.77212	-4.8833	0.000554341	0.0191714
-4.07237	3.47608	5.20134	4.34118	-0.0458476	-4.23729	3.88878	-4.01533	3.42616	5.19372	4.36117	-0.0689333	-1.78686	-4.87666	0.000554341	0.0300777
-4.16447	3.23164	5.2027	4.3401	-0.0443882	-4.15119	3.21968	-4.10509	3.18248	5.19241	4.35772	-0.0757847	-1.8032	-4.86925	1.21868e-05	0.0300777
-4.27891	2.9778	5.23534	4.32414	-0.0777265	-4.27467	2.88187	-4.19571	2.93919	5.19097	4.35393	-0.0826241	-1.82113	-4.86104	1.21868e-05	0.00560856
-4.37007	2.70353	5.27749	4.32829	-0.0662204	-4.32451	2.55034	-4.28727	2.69633	5.18942	4.3498	-0.0894504	-1.84065	-4.85202	0.00101573	0.00560856
-4.45522	2.4535	5.27469	4.33849	-0.0336041	-4.38481	2.39989	-4.37985	2.45393	5.18775	4.34533	-0.0962627	-1.86173	-4.84218	0.00101573	0.00565542
-4.56019	2.18812	5.31384	4.33774	-0.0301013	-4.61223	2.09192	-4.47352	2.21205	5.18596	4.34052	-0.10306	-1.88436	-4.83149	0.000464094	0.00565542
-4.6692	1.95993	5.29558	4.30603	-0.116843	-4.29257	1.92854	-4.56836	1.97072	5.18405	4.33536	-0.10984	-1.90853	-4.81994	0.000464094	0.0393629
-4.78645	1.68583	5.35625	4.30282	-0.109384	-4.86829	1.53442	-4.66444	1.72998	5.18202	4.32987	-0.116604	-1.93422	-4.80751	0.00113419	0.0393629
-4.909	1.43839	5.37587	4.28487	-0.141054	-4.98165	1.43611	-4.76186	1.48989	5.17988	4.32404	-0.123349	-1.9614	-4.79417	0.00113419	0.00580825
-4.96982	1.20494	5.31549	4.29059	-0.13049	-4.66779	1.28643	-4.86066	1.25049	5.17763	4.31787	-0.130074	-1.99007	-4.7799	0.00350335	0.00580825
-5.06396	0.98818	5.25702	4.29119	-0.107768	-4.98594	1.10894	-4.96095	1.01182	5.17526	4.31137	-0.136779	-2.02019	-4.76468	0.00350335	0.00600113
-5.12567	0.755949	5.20799	4.29752	-0.097311	-4.85498	0.825661	-5.06277	0.77393	5.17278	4.30453	-0.143463	-2.05174	-4.74848	0.00279328	0.00600113
-5.21882	0.460546	5.29678	4.3056	-0.0856295	-4.84736	0.18101	-5.16621	0.536876	5.1702	4.29736	-0.150124	-2.08471	-4.73127	0.00279328	0.0165639
-5.294	0.219858	5.27038	4.30968	-0.0768936	-5.1231	0.257311	-5.27133	0.300706	5.16751	4.28985	-0.156761	-2.11906	-4.71303	0.0011043	0.0165639
-5.40256	-0.0170185	5.25179	4.31828	-0.0290513	-5.99809	-0.290765	-5.3782	0.0654719	5.16471	4.28201	-0.163373	-2.15477	-4.69374	0.0011043	40.6779
-5.47261	-0.256239	5.22507	4.32546	-0.0195421	-5.29972	-0.212982	-5.4869	-0.168772	5.1618	4.27385	-0.169959	-2.1918	-4.67335	0.00115055	40.6779
-5.59457	-0.434767	5.14387	4.2951	-0.0737193	-5.64447	-0.144522	-5.59748	-0.401971	5.1588	4.26535	-0.176519	-2.23014	-4.65185	0.00115055	0.00195459
-5.73231	-0.61688	5.08201	4.266	-0.112014	-5.85359	-0.445801	-5.71001	-0.634069	5.15569	4.25652	-0.183051	-2.26974	-4.62919	0.00215748	0.00195459
-5.84886	-0.840573	5.10511	4.23758	-0.181868	-5.30947	-0.724468	-5.82456	-0.865006	5.15249	4.24737	-0.189554	-2.31058	-4.60536	0.00215748	0.0509024
-5.9438	-1.11267	5.16201	4.24959	-0.148953	-5.87835	-1.26863	-5.94118	-1.09472	5.14919	4.23789	-0.196027	-2.35262	-4.58032	0.00141898	0.0509024
-6.03095	-1.38323	5.20595	4.2643	-0.114793	-5.68069	-1.52871	-6.05993	-1.32316	5.14579	4.22809	-0.202468	-2.39581	-4.55404	0.00141898	0.0100601
-6.17092	-1.58871	5.17862	4.24054	-0.141965	-6.27263	-1.50938	-6.18087	-1.55025	5.14231	4.21797	-0.208879	-2.44014	-4.52648	0.000825594	0.0100601
-6.31809	-1.81852	5.24012	4.19943	-0.235086	-6.11355	-1.75966	-6.30406	-1.77593	5.13873	4.20752	-0.215255	-2.48555	-4.49762	0.000825594	0.0503291
-6.42422	-2.071	5.26362	4.20403	-0.210226	-6.34007	-2.13685	-6.42954	-2.00014	5.13507	4.19676	-0.221599	-2.532	-4.46742	0.00059116	0.0503291
-6.57667	-2.27005	5.22274	4.18005	-0.22252	-6.99344	-2.17445	-6.55738	-2.22281	5.13132	4.18568	-0.227907	-2.57946	-4.43585	0.00059116	0.0144665
-6.72791	-2.47857	5.21085	4.15739	-0.239935	-6.79288	-2.4458	-6.68761	-2.44386	5.12748	4.17429	-0.234179	-2.62788	-4.40288	0.000273271	0.0144665
-6.88556	-2.68684	5.20798	4.13325	-0.259942	-7.14408	-2.67584	-6.82029	-2.66323	5.12357	4.16258	-0.240414	-2.6772	-4.36847	0.000273271	0.00625721
-6.9739	-2.96414	5.25893	4.16135	-0.196854	-6.8003	-3.10086	-6.95546	-2.88084	5.11958	4.15056	-0.246611	-2.7274	-4.3326	0.00281539	0.00625721
-7.1016	-3.1891	5.23723	4.16235	-0.169488	-7.13937	-3.22028	-7.09316	-3.09663	5.11551	4.13823	-0.252769	-2.7784	-4.29523	0.00281539	0.00458183
-7.22633	-3.38412	5.19191	4.14894	-0.178716	-7.12118	-3.26434	-7.23344	-3.3105	5.11137	4.12559	-0.258887	-2.83017	-4.25632	0.000949239	0.00458183
-7.37121	-3.6339	5.23459	4.14996	-0.160274	-7.77186	-4.08999	-7.37632	-3.5224	5.10717	4.11264	-0.264964	-2.88265	-4.21586	0.000949239	0.0317572
-7.5344	-3.76628	5.13106	4.10207	-0.223033	-7.49009	-3.49081	-7.52184	-3.73223	5.10289	4.09939	-0.271	-2.93579	-4.1738	0.00395713	0.0317572
-7.68042	-3.97301	5.1357	4.08837	-0.23132	-7.52393	-3.88213	-7.67004	-3.93992	5.09855	4.08584	-0.276993	-2.98953	-4.13012	0.00395713	0.00378814
-7.83186	-4.20605	5.16945	4.08591	-0.216649	-7.88049	-4.29783	-7.82094	-4.14538	5.09414	4.07199	-0.282942	-3.04381	-4.08479	0.00045496	0.00378814
-7.98258	-4.42455	5.17687	4.08059	-0.205961	-8.08524	-4.57834	-7.97457	-4.34854	5.08968	4.05785	-0.288846	-3.09857	-4.03778	0.00045496	0.00275217
-8.14044	-4.66766	5.22409	4.08157	-0.187768	-8.22492	-4.79812	-8.13095	-4.5493	5.08516	4.04341	-0.294705	-3.15376	-3.98906	0.000974664	0.00275217
-8.27569	-4.87597	5.15719	4.09146	-0.137597	-8.453	-4.95621	-8.2901	-4.74759	5.08058	4.02867	-0.300517	-3.2093	-3.93862	0.000974664	0.0290108
-8.40445	-5.09872	5.15969	4.09813	-0.117318	-8.33552	-5.1059	-8.45204	-4.94331	5.07596	4.01365	-0.306282	-3.26514	-3.88641	0.000266184	0.0290108
-8.54955	-5.26779	5.07004	4.08743	-0.110399	-8.55062	-4.79248	-8.61678	-5.13637	5.07128	3.99833	-0.311998	-3.32121	-3.83242	0.000266184	0.0218294
-8.74159	-5.4638	5.08896	4.06137	-0.140576	-8.91477	-5.51752	-8.78433	-5.32669	5.06656	3.98273	-0.317665	-3.37745	-3.77663	0.00136806	0.0218294
-8.89944	-5.66271	5.07857	4.05394	-0.137836	-9.04115	-5.69364	-8.95469	-5.51417	5.0618	3.96685	-0.323282	-3.43377	-3.71901	0.00136806	0.00240786
-9.05625	-5.84858	5.0627	4.04136	-0.146532	-9.03391	-5.80267	-9.12788	-5.69872	5.057	3.95068	-0.328848	-3.49012	-3.65955	0.000115763	0.00240786
-9.1931	-6.00782	4.96709	4.0347	-0.135237	-8.86897	-5.41973	-9.30388	-5.88026	5.05217	3.93424	-0.334362	-3.54643	-3.59823	0.000115763	0.0520862
-9.37835	-6.10192	4.87354	3.97902	-0.209054	-9.30811	-5.82368	-9.4827	-6.05868	5.0473	3.91752	-0.339823	-3.60261	-3.53503	0.0043938	0.0520862
-9.5543	-6.28417	4.88552	3.96448	-0.214913	-9.80646	-6.41174	-9.66432	-6.23389	5.0424	3.90053	-0.34523	-3.6586	-3.46994	0.0043938	0.0080386
-9.68887	-6.49899	4.90257	3.98113	-0.174103	-9.62547	-6.55958	-9.84874	-6.4058	5.03748	3.88327	-0.350583	-3.71431	-3.40295	0.000653052	0.0080386
-9.91799	-6.65117	4.95754	3.92917	-0.24679	-10.6688	-6.35543	-10.0359	-6.57431	5.03253	3.86574	-0.355881	-3.76969	-3.33404	0.000653052	0.0390537
-10.1225	-6.81365	4.96807	3.90046	-0.27063	-10.2246	-6.83402	-10.2259	-6.73933	5.02756	3.84795	-0.361122	-3.82463	-3.26321	0.000505505	0.0390537
-10.3099	-6.9724	4.98164	3.87825	-0.286729	-10.2205	-6.71044	-10.4186	-6.90075	5.02257	3.82989	-0.366307	-3.87907	-3.19046	0.000505505	0.00684028
-10.5392	-7.15278	5.03457	3.85284	-0.3016	-10.7616	-7.29159	-10.614	-7.05849	5.01757	3.81158	-0.371433	-3.93293	-3.11577	0.00250674	0.00684028
-10.7499	-7.2879	5.03553	3.81776	-0.332898	-10.8944	-6.83335	-10.8121	-7.21245	5.01256	3.793	-0.376501	-3.98613	-3.03916	0.00250674	0.00226015
-10.9957	-7.44949	5.08586	3.78532	-0.35462	-11.2219	-7.56979	-11.0128	-7.36252	5.00754	3.77418	-0.381509	-4.03859	-2.96062	0.00245006	0.00226015
-11.1877	-7.58449	5.04022	3.76561	-0.357291	-10.986	-7.3707	-11.2161	-7.50862	5.00251	3.7551	-0.386458	-4.09021	-2.88015	0.00245006	0.0123935
-11.3303	-7.74883	4.99645	3.77913	-0.312537	-11.0934	-7.6776	-11.422	-7.65064	4.99749	3.73578	-0.391345	-4.14093	-2.79777	0.00261831	0.0123935
-11.5291	-7.87063	4.9623	3.75316	-0.328034	-11.4213	-7.46085	-11.6304	-7.78849	4.99246	3.71621	-0.39617	-4.19066	-2.71349	0.00261831	0.0116553
-11.7082	-7.97631	4.90824	3.72937	-0.340432	-11.5269	-7.8215	-11.8413	-7.92208	4.98744	3.6964	-0.400933	-4.23932	-2.6273	0.00207237	0.0116553
-11.9055	-8.08304	4.82934	3.70174	-0.356783	-11.9422	-7.88317	-12.0546	-8.05131	4.98243	3.67636	-0.405632	-4.28682	-2.53924	0.00207237	0.0189358
-12.1201	-8.17348	4.81167	3.66377	-0.38667	-12.09	-8.08828	-12.2702	-8.17609	4.97743	3.65608	-0.410268	-4.33309	-2.44932	0.000479388	0.0189358
-12.3483	-8.29963	4.90029	3.64514	-0.381271	-12.4462	-8.02117	-12.4881	-8.29633	4.97244	3.63556	-0.414838	-4.37802	-2.35756	0.000479388	0.0274847
-12.5503	-8.38216	4.86221	3.61406	-0.399905	-12.4231	-8.2599	-12.7082	-8.41193	4.96747	3.61482	-0.419343	-4.42156	-2.26399	0.00118211	0.0274847
-12.7616	-8.45932	4.79506	3.57737	-0.429224	-12.7461	-8.19449	-12.9304	-8.5228	4.96252	3.59385	-0.423782	-4.4636	-2.16863	0.00118211	0.0163416
-13.0369	-8.5508	4.85748	3.53498	-0.45748	-13.2911	-8.64594	-13.1547	-8.62886	4.9576	3.57266	-0.428154	-4.50407	-2.07151	0.00285507	0.0163416
-13.2881	-8.64778	4.92492	3.51189	-0.450931	-13.7929	-8.47158	-13.381	-8.73002	4.9527	3.55126	-0.432459	-4.54289	-1.97267	0.00285507	0.0218479
-13.5072	-8.69709	4.89195	3.47337	-0.47519	-13.384	-8.57583	-13.6092	-8.82619	4.94783	3.52963	-0.436695	-4.57997	-1.87214	0.001176	0.0218479
-13.7313	-8.7235	4.8116	3.41769	-0.533596	-13.6376	-8.26344	-13.8392	-8.91729	4.943	3.5078	-0.440862	-4.61524	-1.76997	0.001176	0.034504
-13.9477	-8.85054	4.82066	3.42888	-0.478878	-13.9959	-8.99264	-14.0709	-9.00324	4.9382	3.48576	-0.444959	-4.64861	-1.6662	0.00143902	0.034504
-14.1985	-8.94531	4.9158	3.42694	-0.429855	-14.4737	-8.79552	-14.3043	-9.08395	4.93344	3.46351	-0.448987	-4.68001	-1.56086	0.00143902	0.0373127
-14.4148	-9.07088	4.91147	3.44129	-0.378885	-14.4273	-9.1875	-14.5391	-9.15936	4.92872	3.44106	-0.452943	-4.70936	-1.45402	0.00107706	0.0373127
-14.644	-9.14149	4.89014	3.42156	-0.38384	-14.5757	-9.32634	-14.7754	-9.22939	4.92404	3.41841	-0.456828	-4.73658	-1.34573	0.00107706	0.00183624
-14.9322	-9.13289	4.9374	3.35191	-0.454328	-15.062	-9.04396	-15.013	-9.29397	4.91942	3.39557	-0.46064	-4.76161	-1.23603	0.0021406	0.00183624
-15.1903	-9.20769	4.97185	3.34122	-0.434415	-15.6189	-9.69365	-15.2517	-9.35302	4.91484	3.37254	-0.46438	-4.78436	-1.125	0.0021406	0.0404182
-15.4487	-9.33705	5.01098	3.36104	-0.374421	-15.6682	-9.56749	-15.4916	-9.40649	4.91032	3.34932	-0.468047	-4.80476	-1.01269	0.00434592	0.0404182
-15.693	-9.3618	4.95906	3.31776	-0.425523	-15.9382	-9.35751	-15.7324	-9.45431	4.90586	3.32592	-0.47164	-4.82275	-0.899159	0.00434592	0.0238196
-15.9467	-9.45502	4.98182	3.32299	-0.387332	-16.0862	-9.59819	-15.9741	-9.49642	4.90145	3.30234	-0.475158	-4.83827	-0.784484	0.00172524	0.0238196
-16.2	-9.45853	4.96133	3.27511	-0.437908	-16.6033	-8.85459	-16.2164	-9.53277	4.89711	3.27858	-0.478601	-4.85124	-0.668734	0.00172524	0.00776775
-16.4523	-9.44993	4.96568	3.23155	-0.468367	-16.4229	-9.37029	-16.4594	-9.5633	4.89283	3.25465	-0.481969	-4.8616	-0.55198	0.000481354	0.00776775
-16.6724	-9.44443	4.90892	3.19269	-0.500608	-16.011	-9.33486	-16.7027	-9.58797	4.88862	3.23055	-0.48526	-4.8693	-0.434301	0.000481354	0.0484447
-16.9552	-9.42875	4.96029	3.1499	-0.523604	-17.1132	-9.43043	-16.9464	-9.60673	4.88449	3.20629	-0.488475	-4.87427	-0.315773	0.00112847	0.0484447
-17.2046	-9.49749	4.98411	3.16947	-0.445855	-16.9255	-10.8571	-17.1903	-9.61954	4.88042	3.18186	-0.491613	-4.87646	-0.196479	0.00112847	0.0346792
-17.4637	-9.51879	4.99808	3.1553	-0.434184	-17.5448	-9.57485	-17.4342	-9.62636	4.87643	3.15728	-0.494673	-4.87583	-0.0765024	0.000373224	0.0346792
-17.7222	-9.5049	4.99372	3.11869	-0.465276	-18.1371	-9.39146	-17.6781	-9.62717	4.87252	3.13255	-0.497655	-4.87232	0.0440703	0.000373224	0.0131263
-17.9769	-9.47129	5.00454	3.08206	-0.483346	-17.9724	-9.42299	-17.9216	-9.62194	4.86868	3.10767	-0.500558	-4.86588	0.165151	0.000184119	0.0131263
-18.2227	-9.42806	4.98539	3.03695	-0.525588	-18.3083	-9.18778	-18.1648	-9.61064	4.86493	3.08264	-0.503383	-4.85648	0.286648	0.000184119	0.00685933
-18.4213	-9.48311	4.90181	3.05643	-0.465981	-18.2763	-9.60997	-18.4074	-9.59325	4.86127	3.05747	-0.506127	-4.84408	0.40847	0.00279005	0.00685933
-18.657	-9.47379	4.90542	3.04849	-0.432468	-18.2443	-9.58547	-18.6493	-9.56977	4.85769	3.03216	-0.508793	-4.82864	0.530522	0.00279005	0.0137516
-18.9051	-9.46701	4.90734	3.03644	-0.419327	-18.9545	-9.51544	-18.8904	-9.54017	4.85421	3.00672	-0.511377	-4.81012	0.652707	0.00021428	0.0137516
-19.1349	-9.43009	4.90301	3.01653	-0.409383	-18.6983	-9.02886	-19.1305	-9.50447	4.85081	2.98115	-0.513881	-4.78851	0.774927	0.00021428	0.0329927
-19.3827	-9.30252	4.93902	2.94758	-0.474507	-19.2983	-9.09865	-19.3694	-9.46265	4.84751	2.95546	-0.516304	-4.76378	0.897083	0.00307042	0.0329927
-19.6175	-9.22106	4.92335	2.89846	-0.525292	-19.7037	-8.79906	-19.6069	-9.41472	4.84431	2.92964	-0.518645	-4.73591	1.01907	0.00307042	0.00971441
-19.8691	-9.09351	4.96766	2.83962	-0.567722	-19.8731	-8.96417	-19.8431	-9.36071	4.8412	2.90371	-0.520904	-4.70487	1.1408	0.00130046	0.00971441
-20.1079	-8.98998	4.98886	2.80192	-0.573215	-20.3815	-7.6755	-20.0775	-9.30061	4.8382	2.87767	-0.523081	-4.67066	1.26215	0.00130046	0.00640569
-20.2779	-9.13544	4.7899	2.88261	-0.437373	-20.1607	-9.59663	-20.3102	-9.23446	4.83529	2.85151	-0.525176	-4.63328	1.38303	0.0173804	0.00640569
-20.5163	-9.09679	4.79626	2.87817	-0.406202	-20.4587	-9.7448	-20.5409	-9.16227	4.83249	2.82525	-0.527187	-4.59271	1.50334	0.0173804	0.00787701
-20.7381	-8.99857	4.80223	2.84107	-0.428315	-20.6596	-8.91527	-20.7696	-9.08409	4.8298	2.79889	-0.529115	-4.54895	1.62296	0.000619209	0.00787701
-20.9799	-8.91695	4.81899	2.81302	-0.443057	-21.5568	-8.5005	-20.9959	-8.99994	4.82722	2.77244	-0.53096	-4.50202	1.74179	0.000619209	0.0143326
-21.1759	-8.84943	4.77075	2.79458	-0.439579	-21.0195	-8.85081	-21.2198	-8.90987	4.82474	2.74589	-0.532721	-4.45191	1.85972	0.000957848	0.0143326
-21.4089	-8.76071	4.77858	2.76538	-0.458743	-21.8628	-8.64129	-21.4412	-8.81393	4.82237	2.71925	-0.534397	-4.39865	1.97666	0.000957848	0.0150826
-21.6012	-8.73975	4.69762	2.77285	-0.42089	-21.5029	-8.87191	-21.6597	-8.71217	4.82012	2.69253	-0.53599	-4.34224	2.0925	0.00185961	0.0150826
-21.7925	-8.58886	4.66791	2.69439	-0.539045	-21.9514	-7.41274	-21.8754	-8.60465	4.81798	2.66574	-0.537498	-4.2827	2.20712	0.00185961	0.0571242
-21.9945	-8.51309	4.6403	2.67997	-0.523313	-21.9793	-8.57089	-22.0881	-8.49143	4.81595	2.63886	-0.53892	-4.22007	2.32043	0.000261219	0.0571242
-22.2046	-8.40841	4.65879	2.66665	-0.485782	-22.1914	-7.70392	-22.2975	-8.37258	4.81404	2.61191	-0.540258	-4.15437	2.43232	0.000261219	0.0130057
-22.4356	-8.3103	4.68302	2.651	-0.473733	-22.5838	-8.35296	-22.5035	-8.24817	4.81225	2.5849	-0.54151	-4.08564	2.5427	0.000878715	0.0130057
-22.6268	-8.19285	4.66271	2.61723	-0.497637	-22.3177	-8.57758	-22.7061	-8.11829	4.81058	2.55783	-0.542677	-4.01391	2.65145	0.000878715	0.00554856
-22.8637	-7.94505	4.81106	2.54015	-0.559875	-22.9861	-7.6724	-22.9049	-7.98301	4.80903	2.53069	-0.543759	-3.93923	2.75848	0.00607352	0.00554856
-23.0549	-7.79155	4.8013	2.48537	-0.628695	-23.2693	-8.32031	-23.1	-7.84243	4.80759	2.5035	-0.544754	-3.86163	2.8637	0.00607352	0.0314394
-23.281	-7.61333	4.87261	2.44894	-0.631808	-23.4777	-7.56583	-23.2911	-7.69663	4.80628	2.47627	-0.545663	-3.78118	2.967	0.00170046	0.0314394
-23.4832	-7.47809	4.88598	2.45298	-0.545797	-23.473	-7.02103	-23.4781	-7.54572	4.80509	2.44898	-0.546486	-3.69792	3.06828	0.00170046	0.0304564
-23.6483	-7.33493	4.84806	2.42703	-0.546039	-23.5408	-7.36069	-23.6609	-7.3898	4.80403	2.42166	-0.547223	-3.61191	3.16746	0.00050093	0.0304564
-23.8405	-7.17528	4.86506	2.41056	-0.517547	-24.0505	-6.56968	-23.8393	-7.22897	4.80309	2.3943	-0.547873	-3.52321	3.26445	0.00050093	0.00403227
-24.0019	-7.0851	4.77004	2.40853	-0.492751	-23.9384	-7.26171	-24.0132	-7.06336	4.80227	2.3669	-0.548437	-3.43189	3.35916	0.0022029	0.00403227
-24.1692	-6.90155	4.77973	2.36737	-0.525353	-24.3577	-5.94086	-24.1825	-6.89307	4.80158	2.33948	-0.548915	-3.33801	3.45149	0.0022029	0.00389787
-24.3298	-6.64772	4.86221	2.30872	-0.562071	-24.2574	-6.4352	-24.347	-6.71823	4.80101	2.31204	-0.549305	-3.24166	3.54138	0.00293789	0.00389787
-24.4973	-6.47053	4.85902	2.27409	-0.589355	-24.788	-7.18367	-24.5066	-6.53896	4.80057	2.28457	-0.549609	-3.14289	3.62873	0.00293789	0.0246716
-24.5944	-6.33181	4.74666	2.24616	-0.592478	-24.3008	-6.43799	-24.6612	-6.35538	4.80025	2.25709	-0.549826	-3.0418	3.71347	0.00408884	0.0246716
-24.7359	-6.14284	4.74578	2.21697	-0.588025	-24.6108	-6.00878	-24.8107	-6.16764	4.80006	2.2296	-0.549957	-2.93846	3.79553	0.00408884	0.00242437
-24.9185	-5.93927	4.80072	2.19571	-0.575536	-25.146	-5.91902	-24.955	-5.97587	4.8	2.2021	-0.55	-2.83295	3.87484	0.00198885	0.00242437
-25.0499	-5.73427	4.80732	2.16718	-0.566034	-24.8975	-5.02285	-25.094	-5.7802	4.80006	2.1746	-0.549957	-2.72537	3.95132	0.00198885	0.00928781
-25.1827	-5.564	4.77046	2.14801	-0.556598	-25.1941	-5.64372	-25.2276	-5.58079	4.80025	2.1471	-0.549826	-2.61581	4.02492	0.000380052	0.00928781
-25.3373	-5.37903	4.77824	2.14864	-0.49157	-25.5328	-5.4399	-25.3556	-5.37777	4.80057	2.11961	-0.549609	-2.50435	4.09557	0.000380052	0.0217207
-25.4825	-5.15596	4.82037	2.1235	-0.490507	-25.5713	-5.10241	-25.4779	-5.1713	4.80101	2.09213	-0.549305	-2.39109	4.16322	0.000480375	0.0217207
-25.6144	-4.97882	4.79434	2.12569	-0.426927	-25.0178	-6.55904	-25.5946	-4.96152	4.80158	2.06467	-0.548915	-2.27613	4.22781	0.000480375	0.0186681
-25.7306	-4.80867	4.74254	2.11095	-0.420742	-25.6952	-4.89995	-25.7055	-4.7486	4.80227	2.03722	-0.548437	-2.15956	4.2893	0.000544859	0.0186681
-25.8504	-4.60269	4.74557	2.09174	-0.414121	-25.8162	-4.40681	-25.8105	-4.53268	4.80309	2.0098	-0.547873	-2.04149	4.34764	0.000544859	0.000625952
-25.9645	-4.36057	4.79153	2.06168	-0.424211	-25.9516	-4.26659	-25.9096	-4.31392	4.80403	1.98241	-0.547223	-1.92202	4.40279	0.000522075	0.000625952
-26.0711	-4.13832	4.79183	2.00503	-0.530397	-26.8953	-4.43966	-26.0027	-4.0925	4.80509	1.95504	-0.546486	-1.80125	4.45471	0.000522075	0.113166
-26.1619	-3.85393	4.87715	1.96071	-0.549644	-26.1198	-3.67723	-26.0897	-3.86856	4.80628	1.92772	-0.545663	-1.67928	4.50337	0.00188066	0.113166
-26.2349	-3.6154	4.88029	1.90021	-0.638981	-26.5652	-3.85723	-26.1706	-3.64227	4.8076	1.90044	-0.544754	-1.55623	4.54875	0.00188066	0.042127
-26.2606	-3.34739	4.90034	1.8439	-0.667404	-25.9974	-3.24722	-26.2453	-3.41381	4.80903	1.8732	-0.543759	-1.4322	4.59081	0.00317799	0.042127
-26.3112	-3.10394	4.90428	1.79734	-0.699029	-26.2976	-3.01078	-26.3138	-3.18332	4.81058	1.84601	-0.542677	-1.30729	4.62954	0.00317799	0.0040881
-26.3321	-2.86835	4.8824	1.75242	-0.711918	-26.1741	-2.87885	-26.376	-2.95098	4.81225	1.81888	-0.54151	-1.18162	4.66493	0.000951627	0.0040881
-26.3928	-2.64349	4.8668	1.73726	-0.667004	-26.4681	-3.44967	-26.4319	-2.71697	4.81404	1.7918	-0.540258	-1.05529	4.69696	0.000951627	0.0115307
-26.4676	-2.48965	4.75654	1.72899	-0.644254	-26.674	-2.73852	-26.4815	-2.48143	4.81595	1.76479	-0.53892	-0.928411	4.72562	0.00501563	0.0115307
-26.525	-2.25456	4.76325	1.71985	-0.587224	-26.657	-1.72382	-26.5247	-2.24456	4.81798	1.73784	-0.537498	-0.80109	4.75091	0.00501563	0.0144839
-26.5745	-2.05842	4.71053	1.70113	-0.577558	-26.6691	-2.17333	-26.5616	-2.0065	4.82012	1.71097	-0.53599	-0.673434	4.77284	0.00105995	0.0144839
-26.6066	-1.82152	4.71445	1.68731	-0.531523	-26.3248	-1.32261	-26.5921	-1.76744	4.82237	1.68417	-0.534397	-0.545553	4.79141	0.00105995	0.0172696
-26.6047	-1.57329	4.72725	1.6496	-0.544158	-26.4671	-1.53207	-26.6161	-1.52753	4.82474	1.65745	-0.532721	-0.417552	4.80664	0.000810003	0.0172696
-26.6008	-1.34414	4.71492	1.60322	-0.592695	-26.4998	-2.19526	-26.6338	-1.28695	4.82721	1.63081	-0.53096	-0.289538	4.81852	0.000810003	0.00976551
-26.6041	-1.11742	4.70123	1.57379	-0.593007	-26.5998	-1.14277	-26.6451	-1.04586	4.8298	1.60426	-0.529115	-0.161616	4.8271	3.60605e-05	0.00976551
-26.6343	-0.892647	4.69086	1.56194	-0.563373	-27.2008	-1.67679	-26.65	-0.804425	4.83249	1.57781	-0.527187	-0.0338883	4.83238	3.60605e-05	0.0416008
-26.6461	-0.642065	4.71899	1.53987	-0.554982	-26.7355	-0.59539	-26.6485	-0.562811	4.83529	1.55145	-0.525176	0.0935412	4.83439	0.000424934	0.0416008
-26.6327	-0.401293	4.7318	1.49742	-0.599687	-26.9891	0.0351487	-26.6406	-0.321181	4.8382	1.52519	-0.523081	0.220572	4.83317	0.000424934	0.0195072
-26.5868	-0.107741	4.8192	1.45668	-0.609087	-26.4553	0.0602653	-26.6264	-0.0796947	4.8412	1.49904	-0.520904	0.347104	4.82874	0.00220395	0.0195072
-26.5678	0.130933	4.82182	1.42722	-0.615752	-26.9537	0.136943	-26.6059	0.161489	4.84431	1.47299	-0.518645	0.473041	4.82116	0.00220395	0.171146
-26.5443	0.422458	4.90527	1.4028	-0.604808	-26.6201	0.57588	-26.5792	0.402213	4.84751	1.44706	-0.516304	0.598287	4.81045	0.00152211	0.171146
-26.5334	0.661632	4.89407	1.40028	-0.542255	-26.8241	0.381506	-26.5462	0.642323	4.85081	1.42124	-0.513881	0.722748	4.79667	0.00152211	0.0259116
-26.5274	0.943139	4.95594	1.38965	-0.520527	-26.7293	1.06082	-26.5069	0.881666	4.85421	1.39555	-0.511377	0.846334	4.77986	0.0023191	0.0259116
-26.4897	1.20412	4.97339	1.38915	-0.445795	-25.9562	2.60409	-26.4616	1.12009	4.85769	1.36998	-0.508793	0.968955	4.76007	0.0023191	0.0382448
-26.4351	1.44134	4.9638	1.36387	-0.449582	-26.3986	1.42212	-26.4101	1.35745	4.86127	1.34454	-0.506127	1.09053	4.73737	7.09157e-05	0.0382448
-26.395	1.66136	4.92486	1.3519	-0.424335	-26.5072	-0.563928	-26.3526	1.59361	4.86493	1.31923	-0.503383	1.21096	4.71181	7.09157e-05	0.00365164
-26.3426	1.87299	4.88128	1.33027	-0.425953	-26.3594	1.79315	-26.2891	1.82841	4.86868	1.29407	-0.500558	1.33018	4.68345	0.000364491	0.00365164
-26.2725	2.10402	4.87918	1.29643	-0.459029	-26.3475	1.82827	-26.2197	2.06173	4.87252	1.26904	-0.497655	1.44811	4.65235	0.000364491	0.00461291
-26.2119	2.29806	4.81647	1.27345	-0.460506	-26.2502	2.18481	-26.1444	2.29342	4.87643	1.24416	-0.494673	1.56467	4.61859	0.000771569	0.00461291
-26.1485	2.52684	4.80762	1.26417	-0.423007	-26.069	2.27896	-26.0633	2.52336	4.88042	1.21942	-0.491613	1.67979	4.58223	0.000771569	0.00661836
-26.0718	2.76857	4.82867	1.24362	-0.42179	-26.0641	2.80701	-25.9765	2.75141	4.88449	1.19484	-0.488475	1.79339	4.54334	8.46173e-05	0.00661836
-25.9745	2.99017	4.838	1.19134	-0.509066	-26.3234	3.02388	-25.8841	2.97746	4.88862	1.17042	-0.48526	1.90543	4.502	8.46173e-05	0.0410319
-25.8731	3.26742	4.92227	1.16861	-0.503764	-25.8345	3.42005	-25.7861	3.20139	4.89283	1.14615	-0.481969	2.01582	4.45828	0.00136154	0.0410319
-25.79	3.49723	4.92504	1.14813	-0.501947	-26.1824	3.73376	-25.6826	3.42306	4.89711	1.12206	-0.478601	2.12452	4.41227	0.00136154	0.0179741
-25.6838	3.69832	4.8931	1.11913	-0.507509	-25.6666	3.63509	-25.5737	3.64239	4.90145	1.09813	-0.475158	2.23146	4.36404	0.000230723	0.0179741
-25.5669	3.90593	4.8822	1.08633	-0.523189	-25.5773	3.13316	-25.4596	3.85924	4.90586	1.07437	-0.47164	2.3366	4.31367	0.000230723	0.0018801
-25.4995	4.08632	4.81035	1.07232	-0.511054	-25.7492	3.99968	-25.3402	4.07353	4.91032	1.05079	-0.468047	2.43989	4.26125	0.00285515	0.0018801
-25.3764	4.28821	4.80265	1.04233	-0.519037	-25.3516	3.75691	-25.2157	4.28514	4.91484	1.02738	-0.46438	2.54127	4.20686	0.00285515	0.00143252
-25.2155	4.50493	4.83766	1.00518	-0.531279	-25.0214	4.52803	-25.0863	4.49399	4.91942	1.00417	-0.46064	2.64071	4.15058	0.00147587	0.00143252
-25.0658	4.70217	4.82676	0.985568	-0.493747	-24.2719	4.30917	-24.9518	4.69998	4.92404	0.981133	-0.456828	2.73817	4.09251	0.00147587	0.077021
-24.9473	4.89614	4.80932	0.965688	-0.48858	-25.0363	4.88499	-24.8126	4.90303	4.92872	0.958291	-0.452943	2.83361	4.03273	0.000311363	0.077021
-24.7911	5.08689	4.81082	0.935815	-0.491775	-24.3609	4.95947	-24.6686	5.10304	4.93344	0.935644	-0.448987	2.92701	3.97132	0.000311363	0.0203183
-24.6228	5.29995	4.8553	0.908121	-0.493935	-24.5041	5.35293	-24.5201	5.29995	4.9382	0.913195	-0.444959	3.01833	3.90839	0.000718638	0.0203183
-24.4505	5.47568	4.8649	0.859072	-0.552323	-24.4379	5.24592	-24.367	5.49367	4.943	0.890947	-0.440862	3.10754	3.84401	0.000718638	0.0145153
-24.2623	5.6473	4.86988	0.820104	-0.565862	-24.1159	5.61152	-24.2095	5.68414	4.94783	0.868904	-0.436695	3.19464	3.77827	0.000863138	0.0145153
-24.0972	5.80711	4.85489	0.781855	-0.592932	-24.5638	4.75836	-24.0477	5.8713	4.9527	0.847069	-0.432459	3.27959	3.71127	0.000863138	0.00738844
-23.922	5.96697	4.84432	0.749617	-0.596545	-23.9153	5.94377	-23.8818	6.05508	4.9576	0.825446	-0.428154	3.36239	3.64309	3.23198e-05	0.00738844
-23.7798	6.15823	4.80438	0.773471	-0.461914	-23.5491	6.44495	-23.7117	6.23542	4.96252	0.804038	-0.423782	3.44302	3.57383	3.23198e-05	0.0783176
-23.6132	6.31432	4.78651	0.749521	-0.463758	-23.6471	6.29102	-23.5377	6.41227	4.96747	0.782849	-0.419343	3.52148	3.50357	7.95846e-05	0.0783176
-23.464	6.49203	4.76841	0.75212	-0.407389	-23.7544	6.53746	-23.3598	6.58559	4.97244	0.761882	-0.414838	3.59775	3.4324	7.95846e-05	0.0228718
-23.2413	6.71529	4.88602	0.737792	-0.39562	-23.0099	6.86182	-23.1781	6.75533	4.97743	0.74114	-0.410268	3.67185	3.36041	0.00350046	0.0228718
-23.0445	6.85747	4.86981	0.711202	-0.396545	-22.7862	5.74143	-22.9928	6.92146	4.98243	0.720627	-0.405632	3.74376	3.28768	0.00350046	0.0299565
-22.8326	7.03081	4.91324	0.689383	-0.397712	-22.6991	7.063	-22.804	7.08393	4.98744	0.700345	-0.400933	3.8135	3.21431	0.000765543	0.0299565
-22.619	7.16388	4.92114	0.646923	-0.444049	-22.418	6.76159	-22.6117	7.24273	4.99246	0.680299	-0.39617	3.88106	3.14038	0.000765543	0.0191706
-22.4351	7.30966	4.90764	0.628232	-0.440167	-22.5083	7.31524	-22.4161	7.39782	4.99749	0.66049	-0.391345	3.94647	3.06598	0.000202592	0.0191706
-22.2049	7.43181	4.94847	0.56777	-0.53494	-22.0543	7.85452	-22.2173	7.54917	5.00251	0.640923	-0.386458	4.00974	2.99118	0.000202592	0.0406821
-22.0236	7.59472	4.95561	0.559522	-0.512152	-22.1947	7.69478	-22.0154	7.69679	5.00754	0.6216	-0.381509	4.07087	2.91607	0.00157618	0.0406821
-21.8397	7.76969	4.94759	0.576318	-0.420663	-21.6178	9.0351	-21.8105	7.84064	5.01256	0.602525	-0.376501	4.12989	2.84074	0.00157618	0.0389233
-21.6329	7.91261	4.95689	0.559451	-0.415182	-21.6473	7.94	-21.6026	7.98072	5.01757	0.583699	-0.371433	4.18681	2.76526	5.0542e-05	0.0389233
-21.4413	8.04943	4.93646	0.551224	-0.389553	-21.8637	7.78661	-21.392	8.11703	5.02257	0.565128	-0.366307	4.24166	2.68971	5.0542e-05	0.0132348
-21.2163	8.08248	4.85446	0.493445	-0.439351	-21.0853	7.83229	-21.1787	8.24957	5.02756	0.546812	-0.361122	4.29447	2.61417	0.00419613	0.0132348
-21.0238	8.24456	4.83797	0.520852	-0.3263	-20.5503	9.28616	-20.9628	8.37833	5.03253	0.528756	-0.355881	4.34526	2.53871	0.00419613	0.0494741
-20.8474	8.39832	4.83491	0.525379	-0.300083	-21.0519	8.50983	-20.7444	8.50333	5.03748	0.510962	-0.350583	4.39406	2.46341	0.00213007	0.0494741
-20.6044	8.50527	4.88425	0.480656	-0.371267	-19.9265	9.40847	-20.5237	8.62457	5.0424	0.493433	-0.34523	4.4409	2.38835	0.00213007	0.032601
-20.3561	8.64259	4.94484	0.466289	-0.364749	-20.21	8.68914	-20.3006	8.74206	5.0473	0.476172	-0.339823	4.48582	2.31358	0.00104245	0.032601
-20.156	8.77936	4.91985	0.48101	-0.289049	-20.2277	8.8532	-20.0753	8.85583	5.05217	0.459181	-0.334362	4.52884	2.23919	0.00104245	0.0254407
-19.9588	8.88039	4.88472	0.466128	-0.29025	-20.0633	8.86724	-19.848	8.96589	5.057	0.442462	-0.328848	4.57001	2.16524	0.000452571	0.0254407
-19.7571	9.00481	4.86096	0.474743	-0.235499	-19.9264	8.78179	-19.6186	9.07227	5.0618	0.42602	-0.323282	4.60937	2.09179	0.000452571	0.0139479
-19.537	9.07471	4.82902	0.446254	-0.256775	-19.4861	8.96665	-19.3873	9.17499	5.06656	0.409856	-0.317665	4.64694	2.01891	0.000747439	0.0139479
-19.2948	9.18111	4.87484	0.420765	-0.291015	-18.5719	10.2069	-19.1542	9.27409	5.07128	0.393973	-0.311998	4.68278	1.94666	0.000747439	0.011189
-19.0102	9.26963	4.94079	0.391609	-0.308303	-18.6786	9.19191	-18.9193	9.36959	5.07596	0.378373	-0.306282	4.71692	1.8751	0.00432274	0.011189
-18.7917	9.35348	4.92718	0.370144	-0.324327	-19.2825	8.98189	-18.6827	9.46154	5.08058	0.363059	-0.300517	4.7494	1.80429	0.00432274	0.00832329
-18.5375	9.45424	4.96805	0.355669	-0.321418	-18.4242	9.46852	-18.4446	9.54996	5.08516	0.348033	-0.294705	4.78028	1.73429	0.000547889	0.00832329
-18.2719	9.47891	4.9968	0.28523	-0.436534	-18.1634	8.72444	-18.2049	9.63492	5.08968	0.333298	-0.288846	4.80959	1.66514	0.000547889	0.0739218
-17.9802	9.60835	5.11029	0.282319	-0.41016	-17.7736	9.72478	-17.9639	9.71643	5.09414	0.318855	-0.282942	4.83737	1.59691	0.00296195	0.0739218
-17.7347	9.70391	5.10101	0.29017	-0.341136	-17.2296	9.97767	-17.7214	9.79457	5.09855	0.304708	-0.276993	4.86368	1.52964	0.00296195	0.0268051
-17.46	9.81209	5.16683	0.285569	-0.32358	-17.3436	9.88109	-17.4777	9.86936	5.10289	0.290859	-0.271	4.88856	1.46338	0.000996616	0.0268051
-17.2114	9.88936	5.17537	0.27019	-0.326231	-17.1554	10.212	-17.2328	9.94087	5.10717	0.277309	-0.264964	4.91205	1.39818	0.000996616	0.00141484
-16.9396	10.0137	5.24438	0.276195	-0.296486	-16.8876	10.145	-16.9868	10.0091	5.11138	0.26406	-0.258887	4.93421	1.33408	0.00132596	0.00141484
-16.6837	10.0813	5.24898	0.25914	-0.301117	-16.5958	10.1078	-16.7396	10.0743	5.11551	0.251116	-0.252769	4.95507	1.27113	0.00132596	0.000520773
-16.4363	10.188	5.26824	0.26229	-0.278004	-16.5153	10.3091	-16.4915	10.1362	5.11958	0.238478	-0.246611	4.97469	1.20937	0.000973776	0.000520773
-16.1784	10.2563	5.28125	0.244033	-0.292831	-16.09	10.5824	-16.2424	10.1952	5.12357	0.226147	-0.240414	4.99311	1.14883	0.000973776	0.00226893
-15.9441	10.2765	5.22492	0.213793	-0.313046	-16.006	10.1843	-15.9924	10.2511	5.12748	0.214126	-0.234179	5.01039	1.08956	0.000801051	0.00226893
-15.6952	10.3447	5.2138	0.211908	-0.281812	-15.7234	10.41	-15.7416	10.3041	5.13132	0.202417	-0.227907	5.02655	1.03159	0.000801051	0.00469379
-15.4751	10.3334	5.12752	0.173153	-0.31424	-15.5699	10.1904	-15.4899	10.3543	5.13507	0.191022	-0.221599	5.04166	0.974957	0.00192165	0.00469379
-15.1813	10.3524	5.20555	0.124798	-0.394068	-14.2385	10.9109	-15.2376	10.4016	5.13873	0.179942	-0.215255	5.05576	0.919692	0.00192165	0.0586654
-14.9202	10.4063	5.22276	0.115261	-0.380676	-14.9365	10.4722	-14.9846