0.312243	0.58034	0	0	0.312243	0.58034	0.6	0.6	5.19994	0
0.714343	0.588512	7.07429	-1.3032e-16	0.862916	0.534212	0.859997	0.600045	5.19975	0.00179686
1.16102	0.493478	7.05993	-0.486598	1.17385	0.481073	1.11998	0.600225	5.19943	0.00538996
1.27665	0.513682	6.94177	1.34967	0.969149	0.397513	1.37996	0.600629	5.19898	0.0107781
1.61358	0.594653	6.87902	1.72096	1.65063	0.62469	1.6399	0.601347	5.19839	0.0179597
1.82135	0.569772	6.30814	0.592217	1.62331	0.499091	1.89982	0.60247	5.19766	0.0269323
2.15299	0.616067	6.3132	0.686566	2.18882	0.648739	2.1597	0.604086	5.19678	0.0376932
2.36901	0.643373	5.57099	0.500783	1.96701	0.557117	2.41954	0.606284	5.19573	0.0502389
2.6478	0.666364	5.579	0.436657	2.65526	0.66598	2.67932	0.609155	5.1945	0.0645654
2.91489	0.656243	5.51061	0.11255	2.92034	0.645898	2.93904	0.612786	5.19309	0.080668
3.15008	0.653641	5.46885	0.0263637	3.01222	0.637046	3.19869	0.617267	5.19147	0.0985415
3.43791	0.545875	5.43646	-0.868035	3.56096	0.485311	3.45825	0.622685	5.18963	0.11818
3.74289	0.430718	5.34717	-1.59029	3.89365	0.311793	3.71772	0.62913	5.18754	0.139576
4.02237	0.516832	5.48423	-0.790828	4.19786	0.698311	3.97708	0.636689	5.18519	0.162724
4.29639	0.508036	5.47082	-0.758457	4.30935	0.578564	4.23632	0.645449	5.18256	0.187614
4.55616	0.54448	5.40961	-0.518047	4.61908	0.68951	4.49542	0.655498	5.17962	0.214238
4.74262	0.654275	5.25922	0.0639225	4.35143	0.899174	4.75437	0.666921	5.17634	0.242587
4.99469	0.652771	5.19214	0.0143379	5.20901	0.66599	5.01315	0.679804	5.1727	0.272649
5.29623	0.647675	5.24921	-0.0405	5.51894	0.648233	5.27175	0.694234	5.16867	0.304413
5.55448	0.654865	5.2761	-0.0131369	5.22834	0.639362	5.53013	0.710295	5.16422	0.337868
5.84873	0.670014	5.31349	0.0221052	6.022	0.708619	5.78828	0.728072	5.15932	0.372999
6.09207	0.594254	5.23921	-0.281046	5.89392	0.373584	6.04618	0.747647	5.15393	0.409793
6.34685	0.71011	5.2186	0.137025	6.34249	0.948833	6.30379	0.769103	5.14803	0.448233
6.59739	0.741657	5.17682	0.213082	6.62134	0.836138	6.5611	0.792523	5.14157	0.488305
6.84493	0.739954	5.16545	0.177859	6.78214	0.714036	6.81808	0.817988	5.13452	0.52999
7.0887	0.72134	5.08723	0.0792409	7.29121	0.630741	7.07469	0.845578	5.12685	0.573269
7.30832	0.808735	5.0296	0.331371	7.13735	0.957217	7.3309	0.875373	5.11851	0.618123
7.59982	0.819712	5.13636	0.332265	8.08349	0.819605	7.58668	0.907449	5.10946	0.664531
7.85028	0.796625	5.13466	0.223014	7.80533	0.719126	7.84199	0.941886	5.09966	0.712469
8.10042	0.813235	5.07864	0.2321	8.40453	0.884557	8.0968	0.978759	5.08907	0.761915
8.3378	0.831965	5.05689	0.25755	8.24796	0.840322	8.35106	1.01814	5.07766	0.812843
8.60512	0.927354	5.12581	0.522178	8.45858	1.41118	8.60472	1.06011	5.06537	0.865226
8.842	0.989561	5.0878	0.654105	8.74615	1.04858	8.85775	1.10473	5.05216	0.919037
9.1305	1.03019	5.14007	0.706531	9.8809	1.1419	9.1101	1.15208	5.03798	0.974245
9.36771	1.06298	5.11117	0.73256	9.25579	1.04913	9.36172	1.20223	5.0228	1.03082
9.64542	1.14206	5.14086	0.89011	10.1016	1.52474	9.61255	1.25524	5.00656	1.08873
9.91662	1.27833	5.11143	1.2022	10.0484	1.44598	9.86254	1.31118	4.98922	1.14794
10.1632	1.38342	5.00819	1.39772	10.5377	1.72555	10.1117	1.37011	4.97074	1.20841
10.3878	1.46181	4.94943	1.49293	10.2492	1.45907	10.3598	1.4321	4.95106	1.2701
10.6173	1.56409	4.81634	1.65294	10.9084	1.70343	10.6069	1.49721	4.93014	1.33298
10.8453	1.58127	4.81128	1.54835	10.7313	1.45265	10.853	1.56549	4.90794	1.39701
11.1109	1.63335	4.86088	1.53274	11.4783	1.42876	11.0979	1.637	4.8844	1.46213
11.3926	1.66583	4.91766	1.45439	11.587	1.61462	11.3416	1.71179	4.85948	1.52832
11.6237	1.72671	4.86433	1.47452	11.4763	1.53917	11.584	1.78992	4.83313	1.59551
11.8549	1.78459	4.84067	1.48014	11.7788	1.74591	11.8251	1.87144	4.80531	1.66366
12.1094	1.87827	4.87397	1.57366	12.136	2.14937	12.0647	1.95639	4.77598	1.73273
12.3555	1.89354	4.88991	1.43783	12.3226	1.78353	12.3029	2.04482	4.74508	1.80265
12.6119	1.95105	4.93944	1.42287	12.5457	1.77728	12.5394	2.13677	4.71257	1.87338
12.8098	2.09354	4.83192	1.6694	12.5924	2.17509	12.7743	2.23227	4.67842	1.94485
13.0755	2.20214	4.89581	1.76831	13.2198	2.6644	13.0075	2.33137	4.64258	2.01701
13.2772	2.3476	4.78535	1.98464	13.0875	2.40708	13.2388	2.43409	4.605	2.08981
13.453	2.51305	4.55379	2.25126	12.7087	3.12439	13.4682	2.54047	4.56565	2.16317
13.704	2.61755	4.55969	2.29531	13.836	2.62479	13.6955	2.65053	4.52448	2.23703
13.9223	2.73754	4.49652	2.38348	13.8302	2.73893	13.9208	2.7643	4.48147	2.31134
14.1508	2.8857	4.44387	2.52825	14.2106	2.94205	14.1439	2.88179	4.43656	2.38601
14.4025	2.98997	4.52578	2.51224	14.5568	2.87021	14.3646	3.00303	4.38974	2.46099
14.6134	3.0501	4.51147	2.40792	14.4616	2.90734	14.583	3.12802	4.34097	2.5362
14.8433	3.20568	4.50828	2.54265	14.6754	3.96041	14.7989	3.25679	4.29021	2.61157
15.049	3.40048	4.39779	2.78141	15.0261	3.5067	15.0122	3.38932	4.23744	2.68703
15.2571	3.5757	4.27652	2.95276	15.3685	4.14761	15.2228	3.52563	4.18263	2.76249
15.4708	3.75915	4.19692	3.11386	15.5236	3.82936	15.4306	3.66572	4.12575	2.83789
15.6828	3.89405	4.16458	3.13422	15.7234	3.4105	15.6355	3.80957	4.06678	2.91315
15.9079	4.02755	4.15871	3.13969	15.9774	4.00094	15.8375	3.95719	4.00571	2.98817
16.1006	4.19839	4.01215	3.26278	16.3376	4.21632	16.0363	4.10854	3.94251	3.0629
16.2984	4.3895	3.92604	3.40183	16.3313	4.44499	16.2319	4.26363	3.87716	3.13723
16.5091	4.55337	3.90733	3.44882	16.7586	4.48231	16.4242	4.42242	3.80966	3.21109
16.689	4.71643	3.82773	3.50213	16.6039	4.67344	16.613	4.5849	3.74	3.28438
16.8353	4.92461	3.53645	3.69522	16.9236	5.10119	16.7983	4.75103	3.66817	3.35704
16.9988	5.14593	3.39575	3.85949	16.9955	5.21099	16.9799	4.92077	3.59416	3.42897
17.1677	5.32122	3.30245	3.90572	17.3421	4.64623	17.1579	5.09409	3.51797	3.50008
17.3291	5.49461	3.22247	3.93759	17.2894	5.43542	17.3319	5.27094	3.4396	3.57028
17.4838	5.66974	3.10898	3.97514	17.6463	4.74597	17.5019	5.45128	3.35907	3.63949
17.6835	5.78073	3.16404	3.84776	17.7853	5.62476	17.6679	5.63506	3.27637	3.70762
17.8231	5.98491	2.98802	3.95478	17.9216	6.07151	17.8297	5.82221	3.19151	3.77458
18.0002	6.16699	2.96233	3.97797	18.1263	6.16985	17.9872	6.01269	3.10453	3.84027
18.1487	6.37734	2.87724	4.06172	18.1245	6.79027	18.1402	6.20641	3.01542	3.90462
18.2694	6.61212	2.72187	4.19411	18.2164	6.66138	18.2888	6.40332	2.92421	3.96753
18.3995	6.82978	2.59906	4.27414	18.4022	7.02231	18.4328	6.60333	2.83093	4.0289
18.5527	6.95827	2.61028	4.15931	18.5422	6.76013	18.572	6.80638	2.7356	4.08867
18.7042	7.16259	2.61789	4.18753	18.8089	7.24388	18.7064	7.01237	2.63825	4.14672
18.9087	7.29135	2.73201	4.04528	19.1441	7.18344	18.8359	7.22122	2.53893	4.20299
18.9923	7.50012	2.48191	4.13283	18.5479	7.4012	18.9604	7.43283	2.43767	4.25737
19.0807	7.76351	2.29421	4.29917	19.0138	7.8688	19.0798	7.64712	2.3345	4.3098
19.2027	7.96997	2.24528	4.32477	19.3089	7.67375	19.1939	7.86397	2.22949	4.36017
19.2813	8.18518	2.09446	4.37774	19.132	8.12845	19.3028	8.08329	2.12266	4.40842
19.3819	8.39484	2.04625	4.39977	19.0239	8.17194	19.4062	8.30497	2.01409	4.45445
19.48	8.53976	2.0037	4.30546	19.347	8.30741	19.5042	8.5289	1.90381	4.49819
19.5699	8.74974	1.88217	4.33678	19.6843	8.35902	19.5966	8.75494	1.7919	4.53956
19.737	8.91786	1.97293	4.26079	20.0039	8.8906	19.6835	8.983	1.67841	4.57848
19.8074	9.14202	1.78526	4.32406	19.6061	9.48659	19.7645	9.21294	1.56341	4.61488
19.9396	9.36466	1.78648	4.3538	20.1574	9.45949	19.8398	9.44463	1.44697	4.64869
19.9797	9.59229	1.51376	4.4183	19.6163	9.76606	19.9093	9.67795	1.32916	4.67984
20.0664	9.83069	1.42903	4.47696	20.1573	9.90876	19.9728	9.91275	1.21005	4.70826
20.1276	10.0791	1.33775	4.54971	19.1911	11.5493	20.0303	10.1489	1.08972	4.73389
20.1732	10.3516	1.16932	4.65504	20.166	10.4687	20.0818	10.3863	0.968259	4.75666
20.1852	10.5923	0.896227	4.69714	19.6775	10.803	20.1271	10.6247	0.845742	4.77652
20.2425	10.8629	0.781287	4.77366	20.371	11.0109	20.1663	10.864	0.722256	4.7934
20.2727	11.1194	0.669183	4.82276	19.4335	12.3402	20.1993	11.1041	0.597892	4.80727
20.3066	11.3565	0.556212	4.83175	20.3164	11.3483	20.2261	11.3449	0.472738	4.81807
20.2456	11.6109	0.0983046	4.84366	19.2063	12.2418	20.2466	11.5861	0.346889	4.82575
20.3182	11.8474	0.0956916	4.84145	20.6141	11.9422	20.2608	11.8275	0.220439	4.83027
20.3499	12.0804	0.154342	4.84646	19.966	11.9688	20.2687	12.0692	0.093487	4.83159
20.3363	12.3655	-0.0249634	4.91306	20.3263	12.4966	20.2701	12.3108	-0.0338694	4.82968
20.2831	12.606	-0.359119	4.87898	20.0192	12.4823	20.2652	12.5522	-0.161529	4.82451
20.309	12.8432	-0.405813	4.86237	20.498	12.8924	20.254	12.7933	-0.28939	4.81605
20.2974	13.0756	-0.520256	4.83436	20.9151	12.2555	20.2363	13.0339	-0.417348	4.80428
20.2617	13.2878	-0.661889	4.77429	20.1943	13.1688	20.2122	13.2738	-0.545298	4.78918
20.2243	13.5235	-0.76196	4.76017	19.858	13.5236	20.1818	13.5129	-0.673135	4.77072
20.2049	13.7806	-0.855892	4.76946	20.3245	13.8896	20.1449	13.7509	-0.800753	4.74892
20.1485	14.0088	-1.03522	4.71906	20.3387	13.5307	20.1017	13.9878	-0.928043	4.72374
20.0936	14.2625	-1.17511	4.71519	20.1216	14.337	20.0521	14.2233	-1.0549	4.69521
20.0219	14.4922	-1.31241	4.6757	19.6717	14.4038	19.9962	14.4573	-1.18121	4.66331
19.9131	14.7456	-1.53008	4.65713	19.781	14.773	19.934	14.6897	-1.30687	4.62805
19.8477	14.9647	-1.57169	4.62062	20.1149	14.0165	19.8655	14.9202	-1.43177	4.58944
19.82	15.182	-1.58552	4.57131	20.0208	15.2053	19.7908	15.1486	-1.55581	4.54751
19.6842	15.3905	-2.00248	4.38813	20.0157	15.3443	19.7099	15.3749	-1.67887	4.50226
19.6552	15.5777	-2.00056	4.29766	19.9131	15.554	19.6229	15.5989	-1.80085	4.45372
19.5635	15.7836	-2.08561	4.23881	19.9388	15.0864	19.5298	15.8203	-1.92164	4.40193
19.459	15.996	-2.21258	4.17563	19.4748	16.0098	19.4307	16.039	-2.04114	4.3469
19.3596	16.2055	-2.23899	4.15613	19.1556	16.0022	19.3257	16.2549	-2.15925	4.28868
19.2508	16.3826	-2.33962	4.04925	19.238	16.2719	19.2148	16.4679	-2.27586	4.22731
19.133	16.5793	-2.45478	3.9725	19.4007	16.2962	19.0981	16.6777	-2.39087	4.16284
19.0033	16.7893	-2.57661	3.92008	19.0029	16.8387	18.9757	16.8841	-2.50418	4.0953
18.8454	16.9795	-2.85603	3.74207	18.8373	17.7112	18.8477	17.0872	-2.61571	4.02476
18.6702	17.2135	-3.04369	3.70711	18.6148	17.3832	18.7142	17.2866	-2.72534	3.95127
18.5709	17.4212	-2.89724	3.79124	18.8177	17.0316	18.5752	17.4822	-2.83299	3.87489
18.358	17.6131	-3.11066	3.69873	18.1023	17.5529	18.4309	17.674	-2.93858	3.79568
18.221	17.8063	-3.08992	3.70544	18.2749	17.4877	18.2814	17.8617	-3.042	3.71372
18.0927	17.9941	-3.12308	3.65176	18.2094	18.0461	18.1268	18.0453	-3.14318	3.62906
17.9153	18.1462	-3.30073	3.46952	18.3021	17.498	17.9671	18.2246	-3.24204	3.5418
17.786	18.2897	-3.32098	3.35223	17.9018	18.2183	17.8026	18.3994	-3.3385	3.45199
17.6525	18.4709	-3.32862	3.32199	18.8558	18.1364	17.6334	18.5697	-3.43247	3.35973
17.4594	18.6537	-3.4505	3.26434	17.3845	18.7039	17.4595	18.7353	-3.5239	3.26509
17.2777	18.7934	-3.57072	3.10921	17.7945	18.0801	17.281	18.8962	-3.61271	3.16817
17.1173	18.9305	-3.61516	2.99644	17.1762	18.8863	17.0983	19.0521	-3.69883	3.06904
16.9499	19.1009	-3.65372	2.96247	16.9398	19.7311	16.9113	19.203	-3.78221	2.9678
16.7331	19.2167	-3.77638	2.80842	16.5734	19.052	16.7201	19.3488	-3.86278	2.86455
16.5427	19.3695	-3.86477	2.71737	16.1674	20.2201	16.5251	19.4894	-3.9405	2.75938
16.3176	19.531	-3.98672	2.65281	16.2338	19.6171	16.3262	19.6246	-4.01531	2.65237
16.0944	19.6126	-4.11617	2.40951	16.4366	18.2742	16.1237	19.7545	-4.08716	2.54364
15.8886	19.7562	-4.1861	2.3361	15.9243	19.8703	15.9176	19.8789	-4.15602	2.43329
15.7004	19.8826	-4.15345	2.33701	16.2328	19.2166	15.7082	19.9978	-4.22185	2.32141
15.47	20.0369	-4.2468	2.30086	15.4332	20.1836	15.4956	20.111	-4.28461	2.2081
15.2576	20.1792	-4.29144	2.2696	14.3677	21.3406	15.2799	20.2185	-4.34427	2.09347
15.07	20.3122	-4.29887	2.22159	15.2016	20.4385	15.0613	20.3203	-4.4008	1.97763
14.8391	20.3929	-4.38983	2.03301	14.7476	19.9571	14.84	20.4162	-4.4542	1.86068
14.6237	20.5127	-4.43183	1.96722	14.6665	20.6088	14.6161	20.5063	-4.50443	1.74272
14.3868	20.5986	-4.52681	1.78658	13.841	21.0031	14.3897	20.5904	-4.55149	1.62386
14.14	20.6719	-4.59928	1.63787	14.0521	20.5924	14.1611	20.6686	-4.59537	1.50421
13.9034	20.7429	-4.66626	1.46199	13.8232	20.859	13.9304	20.7408	-4.63606	1.38386
13.6285	20.8051	-4.76498	1.30287	13.4686	20.7253	13.6977	20.807	-4.67357	1.26294
13.3818	20.8348	-4.83748	1.017	13.8263	20.4261	13.4632	20.8671	-4.70789	1.14153
13.1347	20.8731	-4.87181	0.842686	13.1072	20.8294	13.2271	20.9211	-4.73904	1.01975
12.9044	20.9332	-4.87322	0.759998	13.2669	21.1579	12.9895	20.969	-4.76702	0.897694
12.7038	20.9749	-4.83295	0.635185	12.8729	21.0592	12.7506	21.0108	-4.79186	0.775469
12.4523	21.0166	-4.868	0.514919	11.5171	21.6724	12.5106	21.0465	-4.81358	0.653175
12.2045	21.0529	-4.89236	0.395228	12.2062	21.11	12.2695	21.0761	-4.83219	0.530912
11.9673	21.0729	-4.89572	0.24663	12.3859	21.1066	12.0276	21.0996	-4.84773	0.408778
11.7244	21.0412	-4.88206	0.0197008	11.6814	20.8651	11.785	21.117	-4.86022	0.286869
11.4789	21.0281	-4.87598	-0.142874	11.5265	20.6748	11.5418	21.1283	-4.86971	0.165281
11.2623	21.0205	-4.831	-0.283971	11.363	21.0688	11.2982	21.1335	-4.87623	0.0441057
11.0098	20.9819	-4.82561	-0.468912	10.5558	20.5567	11.0544	21.1327	-4.87982	-0.076565
10.7993	20.9425	-4.75737	-0.640696	10.8903	20.927	10.8105	21.1259	-4.88053	-0.196643
10.5487	20.9458	-4.75654	-0.603604	9.30535	21.3896	10.5666	21.1131	-4.8784	-0.31604
10.265	20.9781	-4.83874	-0.597452	10.189	21.209	10.3229	21.0943	-4.87349	-0.434674
10.025	20.9598	-4.82644	-0.685537	9.97958	21.2932	10.0795	21.0697	-4.86585	-0.552463
9.83237	20.9214	-4.73435	-0.808352	9.99634	20.9797	9.83658	21.0391	-4.85554	-0.669327
9.59367	20.9162	-4.72346	-0.751997	9.38223	21.111	9.59422	21.0028	-4.84262	-0.785189
9.40248	20.8656	-4.63405	-0.8746	9.53921	20.8762	9.35258	20.9607	-4.82714	-0.899977
9.18065	20.8225	-4.60339	-0.992842	9.63392	20.9724	9.11177	20.9128	-4.80919	-1.01362
8.88685	20.795	-4.69221	-1.03946	8.70331	20.8221	8.87192	20.8594	-4.78881	-1.12605
8.67255	20.713	-4.62581	-1.22628	9.84634	20.009	8.63315	20.8003	-4.76608	-1.2372
8.39674	20.6306	-4.65895	-1.36444	8.22277	20.4839	8.39557	20.7358	-4.74108	-1.34701
8.16777	20.5491	-4.61526	-1.52234	8.29647	20.4978	8.1593	20.6657	-4.71387	-1.45542
7.92607	20.4697	-4.59627	-1.63373	7.88599	20.45	7.92445	20.5903	-4.68453	-1.56237
7.71095	20.3815	-4.52751	-1.81761	8.29081	20.6565	7.69111	20.5096	-4.65313	-1.66781
7.40055	20.3254	-4.64335	-1.85026	7.18029	20.392	7.45939	20.4237	-4.61975	-1.7717
7.16748	20.2291	-4.60128	-1.95197	7.09214	20.1196	7.22939	20.3326	-4.58448	-1.87399
6.90286	20.1469	-4.62535	-2.01872	6.81542	20.1859	7.00119	20.2364	-4.54738	-1.97462
6.67576	20.0559	-4.58306	-2.08095	6.89359	20.1536	6.7749	20.1352	-4.50854	-2.07357
6.42842	19.9649	-4.57897	-2.1472	6.38914	20.0137	6.55059	20.0292	-4.46805	-2.17079
6.21051	19.8711	-4.52368	-2.22413	6.67637	20.2142	6.32834	19.9183	-4.42598	-2.26625
5.94767	19.7783	-4.55399	-2.27101	5.86119	19.8306	6.10823	19.8027	-4.38241	-2.35993
5.72043	19.6301	-4.47302	-2.50217	5.28178	19.5036	5.89034	19.6824	-4.33744	-2.45178
5.54725	19.5048	-4.32726	-2.61272	5.69089	19.5755	5.67472	19.5577	-4.29114	-2.5418
5.34744	19.3548	-4.22186	-2.76161	5.9506	18.9859	5.46145	19.4284	-4.24359	-2.62995
5.13446	19.2526	-4.18482	-2.79608	5.17021	19.4397	5.25059	19.2948	-4.19488	-2.71622
4.94112	19.1423	-4.12511	-2.77966	5.87397	19.301	5.04219	19.157	-4.1451	-2.80059
4.78186	18.9893	-3.97084	-2.90208	4.89149	18.982	4.8363	19.015	-4.09432	-2.88305
4.57451	18.8385	-3.91224	-3.03186	3.98679	19.0452	4.63297	18.8689	-4.04263	-2.96359
4.39797	18.706	-3.82083	-3.09135	4.4685	18.834	4.43224	18.7188	-3.99012	-3.0422
4.21462	18.5651	-3.76113	-3.09907	4.69245	18.4634	4.23416	18.5648	-3.93685	-3.11888
4.09362	18.4079	-3.5645	-3.19796	4.26269	18.481	4.03876	18.4071	-3.88293	-3.19362
3.91594	18.2324	-3.44672	-3.42195	3.42434	18.8357	3.84606	18.2457	-3.82841	-3.26644
3.65358	18.0935	-3.56843	-3.43045	3.45919	18.167	3.65611	18.0807	-3.77339	-3.33732
3.48906	17.9444	-3.50058	-3.40808	4.3011	17.9267	3.46891	17.9122	-3.71795	-3.40627
3.25869	17.7791	-3.55011	-3.45119	3.12525	17.7493	3.28449	17.7402	-3.66215	-3.47331
3.08302	17.5933	-3.44418	-3.61521	2.65664	17.888	3.10287	17.565	-3.60609	-3.53844
2.90164	17.4768	-3.43168	-3.57556	2.9449	17.8154	2.92405	17.3866	-3.54982	-3.60167
2.76742	17.2571	-3.2141	-3.81438	3.26647	17.0897	2.74805	17.2051	-3.49344	-3.66302
2.59086	17.071	-3.16093	-3.87992	2.55407	17.0853	2.57486	17.0205	-3.437	-3.72251
2.42371	16.907	-3.14701	-3.80903	2.55039	16.8884	2.4045	16.833	-3.38059	-3.78014
2.25795	16.7353	-3.10251	-3.83846	2.25371	16.8334	2.23695	16.6427	-3.32428	-3.83595
2.07886	16.5413	-3.10346	-3.83968	1.57735	16.0489	2.07221	16.4497	-3.26812	-3.88995
1.92545	16.3109	-3.00911	-3.95659	1.88972	16.1054	1.91027	16.254	-3.21219	-3.94216
1.76321	16.1363	-3.00379	-3.91715	1.74362	16.2687	1.75112	16.0557	-3.15656	-3.99261
1.55355	15.9706	-3.09687	-3.89119	1.44745	16.0853	1.59474	15.8549	-3.10129	-4.04132
1.43408	15.7359	-2.89422	-4.09704	1.6097	15.5526	1.44111	15.6517	-3.04644	-4.08832
1.26049	15.5184	-2.88214	-4.15891	1.18395	15.4284	1.29021	15.4463	-2.99207	-4.13364
1.10022	15.3262	-2.87006	-4.15882	0.828993	15.528	1.14201	15.2386	-2.93825	-4.1773
0.885133	15.1093	-2.96984	-4.19098	0.722706	15.0075	0.996486	15.0288	-2.88503	-4.21933
0.731904	14.9296	-2.97213	-4.12671	1.03147	15.2134	0.853604	14.8169	-2.83246	-4.25977
0.635302	14.7148	-2.79949	-4.19317	0.737301	14.7047	0.71333	14.603	-2.78061	-4.29864
0.527823	14.4712	-2.61094	-4.35551	0.722177	14.2445	0.575628	14.3872	-2.72952	-4.33598
0.352875	14.2495	-2.64518	-4.39279	0.253435	14.2029	0.440459	14.1696	-2.67925	-4.37181
0.236734	13.9954	-2.45902	-4.58496	-0.0328023	13.9604	0.307779	13.9502	-2.62984	-4.40617
0.232023	13.7444	-2.06845	-4.67665	0.459172	13.6856	0.177545	13.7292	-2.58135	-4.43909
0.132815	13.5015	-1.92583	-4.77656	0.0524412	13.6377	0.0497099	13.5065	-2.53381	-4.47061
-0.0394719	13.271	-2.0154	-4.80295	-0.190344	13.2856	-0.0757753	13.2823	-2.48728	-4.50075
-0.159896	13.0538	-2.01386	-4.75451	-0.275043	13.1456	-0.198962	13.0566	-2.44179	-4.52955
-0.154751	12.8263	-1.65756	-4.78954	0.0462308	12.9301	-0.319903	12.8295	-2.39739	-4.55704
-0.276735	12.6025	-1.7017	-4.73377	-0.684792	12.3563	-0.438654	12.6011	-2.35412	-4.58326
-0.400708	12.3675	-1.71867	-4.75716	-0.476482	12.3633	-0.555273	12.3714	-2.31202	-4.60823
-0.532322	12.1599	-1.79733	-4.69695	-0.972122	12.5207	-0.669818	12.1404	-2.27111	-4.63198
-0.608925	11.9413	-1.70425	-4.70265	-0.582624	12.0386	-0.78235	11.9083	-2.23144	-4.65456
-0.742877	11.7135	-1.78414	-4.68538	-1.26757	11.6495	-0.892931	11.6751	-2.19304	-4.67598
-0.948596	11.4718	-2.03695	-4.6788	-1.17212	11.3988	-1.00163	11.4409	-2.15594	-4.69628
-1.06317	11.2458	-2.08493	-4.61798	-0.891441	10.959	-1.1085	11.2057	-2.12017	-4.71549
-1.24269	11.0212	-2.25794	-4.58929	-1.39289	11.0424	-1.21362	10.9695	-2.08575	-4.73364
-1.31233	10.7721	-2.05922	-4.71821	-1.29894	10.9012	-1.31706	10.7324	-2.05273	-4.75075
-1.44027	10.5193	-2.08544	-4.7508	-1.49687	10.4198	-1.41889	10.4945	-2.02111	-4.76686
-1.52362	10.2547	-1.9435	-4.86247	-1.59293	10.0212	-1.51917	10.2559	-1.99093	-4.78198
-1.61898	10.0452	-1.90596	-4.83332	-1.61875	10.2374	-1.61797	10.0165	-1.96221	-4.79615
-1.70896	9.81483	-1.86729	-4.82047	-1.59702	9.96554	-1.71539	9.77637	-1.93498	-4.80939
-1.7797	9.59512	-1.77614	-4.80931	-1.73381	9.71347	-1.81147	9.53564	-1.90924	-4.82172
-1.88883	9.34205	-1.74515	-4.8816	-2.27191	9.37316	-1.90631	9.29431	-1.88502	-4.83316
-1.96684	9.04924	-1.65902	-4.96804	-1.93833	8.77028	-1.99998	9.05243	-1.86233	-4.84374
-2.05498	8.8266	-1.66883	-4.91074	-1.96565	9.13274	-2.09256	8.81003	-1.8412	-4.85347
-2.14971	8.57463	-1.65538	-4.93371	-2.1768	8.5411	-2.18412	8.56717	-1.82164	-4.86238
-2.28132	8.31974	-1.74489	-4.95261	-2.65862	8.19477	-2.27474	8.32388	-1.80365	-4.87047
-2.32285	8.08692	-1.59649	-4.94768	-2.21875	8.15339	-2.3645	8.0802	-1.78726	-4.87778
-2.38544	7.87417	-1.53711	-4.89928	-2.273	8.52315	-2.45348	7.83617	-1.77248	-4.8843
-2.5001	7.62274	-1.59651	-4.91954	-2.59674	7.60288	-2.54177	7.59184	-1.75931	-4.89006
-2.67189	7.38702	-1.87891	-4.84013	-3.08256	7.38874	-2.62944	7.34723	-1.74777	-4.89507
-2.77628	7.13218	-1.90018	-4.85856	-2.79865	7.064	-2.71658	7.10238	-1.73786	-4.89933
-2.8312	6.89686	-1.74529	-4.89294	-2.79412	7.20818	-2.80326	6.85734	-1.72958	-4.90286
-2.87037	6.69001	-1.61735	-4.84547	-2.74651	6.86867	-2.88957	6.61214	-1.72295	-4.90566
-2.9355	6.46817	-1.63189	-4.76888	-2.57673	6.36755	-2.97559	6.36681	-1.71797	-4.90774
-2.98942	6.23258	-1.55534	-4.76749	-2.90217	6.22989	-3.0614	6.12139	-1.71464	-4.90911
-3.10686	5.98425	-1.61423	-4.80484	-3.50172	6.10796	-3.14709	5.87592	-1.71297	-4.90976
-3.19003	5.71014	-1.60259	-4.8589	-3.1778	5.53101	-3.23274	5.63043	-1.71295	-4.9097
-3.30063	5.46271	-1.73156	-4.82532	-3.19736	5.19093	-3.31843	5.38496	-1.71458	-4.90893
-3.39909	5.20179	-1.75968	-4.8544	-3.43031	5.10507	-3.40424	5.13955	-1.71787	-4.90745
-3.46246	4.95554	-1.65518	-4.88669	-3.4281	4.94644	-3.49026	4.89422	-1.72281	-4.90525
-3.57845	4.67708	-1.7191	-4.94513	-3.69435	4.52196	-3.57657	4.64902	-1.72939	-4.90233
-3.68746	4.42463	-1.84151	-4.91391	-3.50501	4.17643	-3.66325	4.40398	-1.73763	-4.89868
-3.82321	4.15347	-1.94649	-4.95338	-4.00238	4.04684	-3.75039	4.15913	-1.74749	-4.8943
-3.90003	3.91248	-1.84364	-4.97318	-4.06447	4.10977	-3.83806	3.91452	-1.75899	-4.88918
-3.97207	3.6802	-1.80315	-4.944	-3.88053	3.75177	-3.92635	3.67019	-1.77212	-4.8833
-4.07237	3.47608	-1.88676	-4.84707	-4.23729	3.88878	-4.01533	3.42616	-1.78686	-4.87666
-4.16447	3.23164	-1.89249	-4.84629	-4.15119	3.21968	-4.10509	3.18248	-1.8032	-4.86925
-4.27891	2.9778	-1.98193	-4.8457	-4.27467	2.88187	-4.19571	2.93919	-1.82113	-4.86104
-4.37007	2.70353	-1.9776	-4.89296	-4.32451	2.55034	-4.28727	2.69633	-1.84065	-4.85202
-4.45522	2.4535	-1.92659	-4.91025	-4.38481	2.39989	-4.37985	2.45393	-1.86173	-4.84218
-4.56019	2.18812	-1.9446	-4.94525	-4.61223	2.09192	-4.47352	2.21205	-1.88436	-4.83149
-4.6692	1.95993	-2.09319	-4.86433	-4.29257	1.92854	-4.56836	1.97072	-1.90853	-4.81994
-4.78645	1.68583	-2.13292	-4.91325	-4.86829	1.53442	-4.66444	1.72998	-1.93422	-4.80751
-4.909	1.43839	-2.22891	-4.89203	-4.98165	1.43611	-4.76186	1.48989	-1.9614	-4.79417
-4.96982	1.20494	-2.17617	-4.84961	-4.66779	1.28643	-4.86066	1.25049	-1.99007	-4.7799
-5.06396	0.98818	-2.14934	-4.79756	-4.98594	1.10894	-4.96095	1.01182	-2.02019	-4.76468
-5.12567	0.755949	-2.09916	-4.7662	-4.85498	0.825661	-5.06277	0.77393	-2.05174	-4.74848
-5.21882	0.460546	-2.09575	-4.86453	-4.84736	0.18101	-5.16621	0.536876	-2.08471	-4.73127
-5.294	0.219858	-2.06552	-4.84877	-5.1231	0.257311	-5.27133	0.300706	-2.11906	-4.71303
-5.40256	-0.0170185	-2.01659	-4.84919	-5.99809	-0.290765	-5.3782	0.0654719	-2.15477	-4.69374
-5.47261	-0.256239	-1.97168	-4.83878	-5.29972	-0.212982	-5.4869	-0.168772	-2.1918	-4.67335
-5.59457	-0.434767	-2.08474	-4.70247	-5.64447	-0.144522	-5.59748	-0.401971	-2.23014	-4.65185
-5.73231	-0.61688	-2.19397	-4.58403	-5.85359	-0.445801	-5.71001	-0.634069	-2.26974	-4.62919
-5.84886	-0.840573	-2.33389	-4.54039	-5.30947	-0.724468	-5.82456	-0.865006	-2.31058	-4.60536
-5.9438	-1.11267	-2.30459	-4.61901	-5.87835	-1.26863	-5.94118	-1.09472	-2.35262	-4.58032
-6.03095	-1.38323	-2.25546	-4.692	-5.68069	-1.52871	-6.05993	-1.32316	-2.39581	-4.55404
-6.17092	-1.58871	-2.35384	-4.61276	-6.27263	-1.50938	-6.18087	-1.55025	-2.44014	-4.52648
-6.31809	-1.81852	-2.57162	-4.5657	-6.11355	-1.75966	-6.30406	-1.77593	-2.48555	-4.49762
-6.42422	-2.071	-2.56201	-4.59802	-6.34007	-2.13685	-6.42954	-2.00014	-2.532	-4.46742
-6.57667	-2.27005	-2.65081	-4.50002	-6.99344	-2.17445	-6.55738	-2.22281	-2.57946	-4.43585
-6.72791	-2.47857	-2.74581	-4.42871	-6.79288	-2.4458	-6.68761	-2.44386	-2.62788	-4.40288
-6.88556	-2.68684	-2.85035	-4.35873	-7.14408	-2.67584	-6.82029	-2.66323	-2.6772	-4.36847
-6.9739	-2.96414	-2.75345	-4.4805	-6.8003	-3.10086	-6.95546	-2.88084	-2.7274	-4.3326
-7.1016	-3.1891	-2.73762	-4.46475	-7.13937	-3.22028	-7.09316	-3.09663	-2.7784	-4.29523
-7.22633	-3.38412	-2.77304	-4.38932	-7.12118	-3.26434	-7.23344	-3.3105	-2.83017	-4.25632
-7.37121	-3.6339	-2.79129	-4.42827	-7.77186	-4.08999	-7.37632	-3.5224	-2.88265	-4.21586
-7.5344	-3.76628	-2.94074	-4.20474	-7.49009	-3.49081	-7.52184	-3.73223	-2.93579	-4.1738
-7.68042	-3.97301	-3.00081	-4.1678	-7.52393	-3.88213	-7.67004	-3.93992	-2.98953	-4.13012
-7.83186	-4.20605	-3.03082	-4.18776	-7.88049	-4.29783	-7.82094	-4.14538	-3.04381	-4.08479
-7.98258	-4.42455	-3.05746	-4.17755	-8.08524	-4.57834	-7.97457	-4.34854	-3.09857	-4.03778
-8.14044	-4.66766	-3.08118	-4.21869	-8.22492	-4.79812	-8.13095	-4.5493	-3.15376	-3.98906
-8.27569	-4.87597	-3.00041	-4.19454	-8.453	-4.95621	-8.2901	-4.74759	-3.2093	-3.93862
-8.40445	-5.09872	-2.97382	-4.2165	-8.33552	-5.1059	-8.45204	-4.94331	-3.26514	-3.88641
-8.54955	-5.26779	-2.96628	-4.11175	-8.55062	-4.79248	-8.61678	-5.13637	-3.32121	-3.83242
-8.74159	-5.4638	-3.08392	-4.04808	-8.91477	-5.51752	-8.78433	-5.32669	-3.37745	-3.77663
-8.89944	-5.66271	-3.10751	-4.01687	-9.04115	-5.69364	-8.95469	-5.51417	-3.43377	-3.71901
-9.05625	-5.84858	-3.14797	-3.96501	-9.03391	-5.80267	-9.12788	-5.69872	-3.49012	-3.65955
-9.1931	-6.00782	-3.11434	-3.86948	-8.86897	-5.41973	-9.30388	-5.88026	-3.54643	-3.59823
-9.37835	-6.10192	-3.26224	-3.62065	-9.30811	-5.82368	-9.4827	-6.05868	-3.60261	-3.53503
-9.5543	-6.28417	-3.32269	-3.58163	-9.80646	-6.41174	-9.66432	-6.23389	-3.6586	-3.46994
-9.68887	-6.49899	-3.27396	-3.64916	-9.62547	-6.55958	-9.84874	-6.4058	-3.71431	-3.40295
-9.91799	-6.65117	-3.49786	-3.51314	-10.6688	-6.35543	-10.0359	-6.57431	-3.76969	-3.33404
-10.1225	-6.81365	-3.60493	-3.41852	-10.2246	-6.83402	-10.2259	-6.73933	-3.82463	-3.26321
-10.3099	-6.9724	-3.68999	-3.34674	-10.2205	-6.71044	-10.4186	-6.90075	-3.87907	-3.19046
-10.5392	-7.15278	-3.81392	-3.28648	-10.7616	-7.29159	-10.614	-7.05849	-3.93293	-3.11577
-10.7499	-7.2879	-3.9276	-3.15127	-10.8944	-6.83335	-10.8121	-7.21245	-3.98613	-3.03916
-10.9957	-7.44949	-4.06801	-3.05242	-11.2219	-7.56979	-11.0128	-7.36252	-4.03859	-2.96062
-11.1877	-7.58449	-4.09034	-2.94499	-10.986	-7.3707	-11.2161	-7.50862	-4.09021	-2.88015
-11.3303	-7.74883	-4.01497	-2.97398	-11.0934	-7.6776	-11.422	-7.65064	-4.14093	-2.79777
-11.5291	-7.87063	-4.06289	-2.84911	-11.4213	-7.46085	-11.6304	-7.78849	-4.19066	-2.71349
-11.7082	-7.97631	-4.08452	-2.72166	-11.5269	-7.8215	-11.8413	-7.92208	-4.23932	-2.6273
-11.9055	-8.08304	-4.09131	-2.56587	-11.9422	-7.88317	-12.0546	-8.05131	-4.28682	-2.53924
-12.1201	-8.17348	-4.17045	-2.39991	-12.09	-8.08828	-12.2702	-8.17609	-4.33309	-2.44932
-12.3483	-8.29963	-4.29204	-2.36458	-12.4462	-8.02117	-12.4881	-8.29633	-4.37802	-2.35756
-12.5503	-8.38216	-4.32955	-2.21272	-12.4231	-8.2599	-12.7082	-8.41193	-4.42156	-2.26399
-12.7616	-8.45932	-4.34692	-2.02409	-12.7461	-8.19449	-12.9304	-8.5228	-4.4636	-2.16863
-13.0369	-8.5508	-4.48644	-1.86198	-13.2911	-8.64594	-13.1547	-8.62886	-4.50407	-2.07151
-13.2881	-8.64778	-4.59111	-1.78229	-13.7929	-8.47158	-13.381	-8.73002	-4.54289	-1.97267
-13.5072	-8.69709	-4.62516	-1.59344	-13.384	-8.57583	-13.6092	-8.82619	-4.57997	-1.87214
-13.7313	-8.7235	-4.62936	-1.31165	-13.6376	-8.26344	-13.8392	-8.91729	-4.61524	-1.76997
-13.9477	-8.85054	-4.6231	-1.36594	-13.9959	-8.99264	-14.0709	-9.00324	-4.64861	-1.6662
-14.1985	-8.94531	-4.71702	-1.38377	-14.4737	-8.79552	-14.3043	-9.08395	-4.68001	-1.56086
-14.4148	-9.07088	-4.69254	-1.45002	-14.4273	-9.1875	-14.5391	-9.15936	-4.70936	-1.45402
-14.644	-9.14149	-4.69974	-1.35129	-14.5757	-9.32634	-14.7754	-9.22939	-4.73658	-1.34573
-14.9322	-9.13289	-4.82859	-1.0308	-15.062	-9.04396	-15.013	-9.29397	-4.76161	-1.23603
-15.1903	-9.20769	-4.87312	-0.985919	-15.6189	-9.69365	-15.2517	-9.35302	-4.78436	-1.125
-15.4487	-9.33705	-4.89081	-1.09084	-15.6682	-9.56749	-15.4916	-9.40649	-4.80476	-1.01269
-15.693	-9.3618	-4.8823	-0.869125	-15.9382	-9.35751	-15.7324	-9.45431	-4.82275	-0.899159
-15.9467	-9.45502	-4.90008	-0.898747	-16.0862	-9.59819	-15.9741	-9.49642	-4.83827	-0.784484
-16.2	-9.45853	-4.91718	-0.660453	-16.6033	-8.85459	-16.2164	-9.53277	-4.85124	-0.668734
-16.4523	-9.44993	-4.94561	-0.446088	-16.4229	-9.37029	-16.4594	-9.5633	-4.8616	-0.55198
-16.6724	-9.44443	-4.90251	-0.250743	-16.011	-9.33486	-16.7027	-9.58797	-4.8693	-0.434301
-16.9552	-9.42875	-4.96012	-0.0411997	-17.1132	-9.43043	-16.9464	-9.60673	-4.87427	-0.315773
-17.2046	-9.49749	-4.98218	-0.138922	-16.9255	-10.8571	-17.1903	-9.61954	-4.87646	-0.196479
-17.4637	-9.51879	-4.99761	-0.068527	-17.5448	-9.57485	-17.4342	-9.62636	-4.87583	-0.0765024
-17.7222	-9.5049	-4.99241	0.11434	-18.1371	-9.39146	-17.6781	-9.62717	-4.87232	0.0440703
-17.9769	-9.47129	-4.99568	0.297735	-17.9724	-9.42299	-17.9216	-9.62194	-4.86588	0.165151
-18.2227	-9.42806	-4.95812	0.520708	-18.3083	-9.18778	-18.1648	-9.61064	-4.85648	0.286648
-18.4213	-9.48311	-4.88404	0.41696	-18.2763	-9.60997	-18.4074	-9.59325	-4.84408	0.40847
-18.657	-9.47379	-4.88418	0.456035	-18.2443	-9.58547	-18.6493	-9.56977	-4.82864	0.530522
-18.9051	-9.46701	-4.88024	0.515063	-18.9545	-9.51544	-18.8904	-9.54017	-4.81012	0.652707
-19.1349	-9.43009	-4.86472	0.611562	-18.6983	-9.02886	-19.1305	-9.50447	-4.78851	0.774927
-19.3827	-9.30252	-4.84636	0.952219	-19.2983	-9.09865	-19.3694	-9.46265	-4.76378	0.897083
-19.6175	-9.22106	-4.77855	1.18527	-19.7037	-8.79906	-19.6069	-9.41472	-4.73591	1.01907
-19.8691	-9.09351	-4.74289	1.47738	-19.8731	-8.96417	-19.8431	-9.36071	-4.70487	1.1408
-20.1079	-8.98998	-4.70382	1.66218	-20.3815	-7.6755	-20.0775	-9.30061	-4.67066	1.26215
-20.2779	-9.13544	-4.63016	1.22667	-20.1607	-9.59663	-20.3102	-9.23446	-4.63328	1.38303
-20.5163	-9.09679	-4.63081	1.24889	-20.4587	-9.7448	-20.5409	-9.16227	-4.59271	1.50334
-20.7381	-8.99857	-4.58701	1.42153	-20.6596	-8.91527	-20.7696	-9.08409	-4.54895	1.62296
-20.9799	-8.91695	-4.5612	1.55504	-21.5568	-8.5005	-20.9959	-8.99994	-4.50202	1.74179
-21.1759	-8.84943	-4.48638	1.62247	-21.0195	-8.85081	-21.2198	-8.90987	-4.45191	1.85972
-21.4089	-8.76071	-4.44438	1.75566	-21.8628	-8.64129	-21.4412	-8.81393	-4.39865	1.97666
-21.6012	-8.73975	-4.38186	1.69323	-21.5029	-8.87191	-21.6597	-8.71217	-4.34224	2.0925
-21.7925	-8.58886	-4.20887	2.01861	-21.9514	-7.41274	-21.8754	-8.60465	-4.2827	2.20712
-21.9945	-8.51309	-4.15459	2.06681	-21.9793	-8.57089	-22.0881	-8.49143	-4.22007	2.32043
-22.2046	-8.40841	-4.14315	2.13039	-22.1914	-7.70392	-22.2975	-8.37258	-4.15437	2.43232
-22.4356	-8.3103	-4.13068	2.20638	-22.5838	-8.35296	-22.5035	-8.24817	-4.08564	2.5427
-22.6268	-8.19285	-4.03626	2.33443	-22.3177	-8.57758	-22.7061	-8.11829	-4.01391	2.65145
-22.8637	-7.94505	-3.96682	2.72225	-22.9861	-7.6724	-22.9049	-7.98301	-3.93923	2.75848
-23.0549	-7.79155	-3.80407	2.92942	-23.2693	-8.32031	-23.1	-7.84243	-3.86163	2.8637
-23.281	-7.61333	-3.74973	3.11156	-23.4777	-7.56583	-23.2911	-7.69663	-3.78118	2.967
-23.4832	-7.47809	-3.77262	3.10487	-23.473	-7.02103	-23.4781	-7.54572	-3.69792	3.06828
-23.6483	-7.33493	-3.66213	3.17686	-23.5408	-7.36069	-23.6609	-7.3898	-3.61191	3.16746
-23.8405	-7.17528	-3.62195	3.24812	-24.0505	-6.56968	-23.8393	-7.22897	-3.52321	3.26445
-24.0019	-7.0851	-3.54474	3.19188	-23.9384	-7.26171	-24.0132	-7.06336	-3.43189	3.35916
-24.1692	-6.90155	-3.41734	3.34179	-24.3577	-5.94086	-24.1825	-6.89307	-3.33801	3.45149
-24.3298	-6.64772	-3.27105	3.5974	-24.2574	-6.4352	-24.347	-6.71823	-3.24166	3.54138
-24.4973	-6.47053	-3.1425	3.70604	-24.788	-7.18367	-24.5066	-6.53896	-3.14289	3.62873
-24.5944	-6.33181	-2.96752	3.70468	-24.3008	-6.43799	-24.6612	-6.35538	-3.0418	3.71347
-24.7359	-6.14284	-2.8576	3.789	-24.6108	-6.00878	-24.8107	-6.16764	-2.93846	3.79553
-24.9185	-5.93927	-2.80854	3.89346	-25.146	-5.91902	-24.955	-5.97587	-2.83295	3.87484
-25.0499	-5.73427	-2.70006	3.97744	-24.8975	-5.02285	-25.094	-5.7802	-2.72537	3.95132
-25.1827	-5.564	-2.6032	3.99758	-25.1941	-5.64372	-25.2276	-5.58079	-2.61581	4.02492
-25.3373	-5.37903	-2.60996	4.00246	-25.5328	-5.4399	-25.3556	-5.37777	-2.50435	4.09557
-25.4825	-5.15596	-2.53064	4.10266	-25.5713	-5.10241	-25.4779	-5.1713	-2.39109	4.16322
-25.6144	-4.97882	-2.5259	4.07498	-25.0178	-6.55904	-25.5946	-4.96152	-2.27613	4.22781
-25.7306	-4.80867	-2.43895	4.06733	-25.6952	-4.89995	-25.7055	-4.7486	-2.15956	4.2893
-25.8504	-4.60269	-2.36188	4.11606	-25.8162	-4.40681	-25.8105	-4.53268	-2.04149	4.34764
-25.9645	-4.36057	-2.25876	4.22573	-25.9516	-4.26659	-25.9096	-4.31392	-1.92202	4.40279
-26.0711	-4.13832	-2.01601	4.3471	-26.8953	-4.43966	-26.0027	-4.0925	-1.80125	4.45471
-26.1619	-3.85393	-1.85386	4.51108	-26.1198	-3.67723	-26.0897	-3.86856	-1.67928	4.50337
-26.2349	-3.6154	-1.57871	4.61789	-26.5652	-3.85723	-26.1706	-3.64227	-1.55623	4.54875
-26.2606	-3.34739	-1.32171	4.71873	-25.9974	-3.24722	-26.2453	-3.41381	-1.4322	4.59081
-26.3112	-3.10394	-1.10156	4.77897	-26.2976	-3.01078	-26.3138	-3.18332	-1.30729	4.62954
-26.3321	-2.86835	-0.881882	4.8021	-26.1741	-2.87885	-26.376	-2.95098	-1.18162	4.66493
-26.3928	-2.64349	-0.806427	4.79953	-26.4681	-3.44967	-26.4319	-2.71697	-1.05529	4.69696
-26.4676	-2.48965	-0.749342	4.69714	-26.674	-2.73852	-26.4815	-2.48143	-0.928411	4.72562
-26.525	-2.25456	-0.707353	4.71044	-26.657	-1.72382	-26.5247	-2.24456	-0.80109	4.75091
-26.5745	-2.05842	-0.612224	4.67058	-26.6691	-2.17333	-26.5616	-2.0065	-0.673434	4.77284
-26.6066	-1.82152	-0.548065	4.68248	-26.3248	-1.32261	-26.5921	-1.76744	-0.545553	4.79141
-26.6047	-1.57329	-0.372151	4.71258	-26.4671	-1.53207	-26.6161	-1.52753	-0.417552	4.80664
-26.6008	-1.34414	-0.152831	4.71244	-26.4998	-2.19526	-26.6338	-1.28695	-0.289538	4.81852
-26.6041	-1.11742	-0.0140752	4.7012	-26.5998	-1.14277	-26.6451	-1.04586	-0.161616	4.8271
-26.6343	-0.892647	0.0415591	4.69068	-27.2008	-1.67679	-26.65	-0.804425	-0.0338883	4.83238
-26.6461	-0.642065	0.145913	4.71673	-26.7355	-0.59539	-26.6485	-0.562811	0.0935412	4.83439
-26.6327	-0.401293	0.346875	4.71907	-26.9891	0.0351487	-26.6406	-0.321181	0.220572	4.83317
-26.5868	-0.107741	0.548761	4.78785	-26.4553	0.0602653	-26.6264	-0.0796947	0.347104	4.82874
-26.5678	0.130933	0.689937	4.7722	-26.9537	0.136943	-26.6059	0.161489	0.473041	4.82116
-26.5443	0.422458	0.820175	4.83622	-26.6201	0.57588	-26.5792	0.402213	0.598287	4.81045
-26.5334	0.661632	0.830464	4.82309	-26.8241	0.381506	-26.5462	0.642323	0.722748	4.79667
-26.5274	0.943139	0.892868	4.87484	-26.7293	1.06082	-26.5069	0.881666	0.846334	4.77986
-26.4897	1.20412	0.898438	4.89156	-25.9562	2.60409	-26.4616	1.12009	0.968955	4.76007
-26.4351	1.44134	1.01984	4.85791	-26.3986	1.42212	-26.4101	1.35745	1.09053	4.73737
-26.395	1.66136	1.06945	4.80734	-26.5072	-0.563928	-26.3526	1.59361	1.21096	4.71181
-26.3426	1.87299	1.1628	4.74076	-26.3594	1.79315	-26.2891	1.82841	1.33018	4.68345
-26.2725	2.10402	1.32194	4.69669	-26.3475	1.82827	-26.2197	2.06173	1.44811	4.65235
-26.2119	2.29806	1.41113	4.60511	-26.2502	2.18481	-26.1444	2.29342	1.56467	4.61859
-26.1485	2.52684	1.45116	4.58338	-26.069	2.27896	-26.0633	2.52336	1.67979	4.58223
-26.0718	2.76857	1.55178	4.57252	-26.0641	2.80701	-25.9765	2.75141	1.79339	4.54334
-25.9745	2.99017	1.79205	4.49386	-26.3234	3.02388	-25.8841	2.97746	1.90543	4.502
-25.8731	3.26742	1.92675	4.5295	-25.8345	3.42005	-25.7861	3.20139	2.01582	4.45828
-25.79	3.49723	2.02023	4.49162	-26.1824	3.73376	-25.6826	3.42306	2.12452	4.41227
-25.6838	3.69832	2.13565	4.40243	-25.6666	3.63509	-25.5737	3.64239	2.23146	4.36404
-25.5669	3.90593	2.27381	4.32039	-25.5773	3.13316	-25.4596	3.85924	2.3366	4.31367
-25.4995	4.08632	2.29976	4.22499	-25.7492	3.99968	-25.3402	4.07353	2.43989	4.26125
-25.3764	4.28821	2.42156	4.14747	-25.3516	3.75691	-25.2157	4.28514	2.54127	4.20686
-25.2155	4.50493	2.59266	4.08425	-25.0214	4.52803	-25.0863	4.49399	2.64071	4.15058
-25.0658	4.70217	2.66625	4.02352	-24.2719	4.30917	-24.9518	4.69998	2.73817	4.09251
-24.9473	4.89614	2.73578	3.95538	-25.0363	4.88499	-24.8126	4.90303	2.83361	4.03273
-24.7911	5.08689	2.8536	3.87311	-24.3609	4.95947	-24.6686	5.10304	2.92701	3.97132
-24.6228	5.29995	2.98712	3.82767	-24.5041	5.35293	-24.5201	5.29995	3.01833	3.90839
-24.4505	5.47568	3.17746	3.68388	-24.4379	5.24592	-24.367	5.49367	3.10754	3.84401
-24.2623	5.6473	3.32196	3.56093	-24.1159	5.61152	-24.2095	5.68414	3.19464	3.77827
-24.0972	5.80711	3.44507	3.42074	-24.5638	4.75836	-24.0477	5.8713	3.27959	3.71127
-23.922	5.96697	3.5458	3.30072	-23.9153	5.94377	-23.8818	6.05508	3.36239	3.64309
-23.7798	6.15823	3.43749	3.35645	-23.5491	6.44495	-23.7117	6.23542	3.44302	3.57383
-23.6132	6.31432	3.5038	3.26099	-23.6471	6.29102	-23.5377	6.41227	3.52148	3.50357
-23.464	6.49203	3.4821	3.25772	-23.7544	6.53746	-23.3598	6.58559	3.59775	3.4324
-23.2413	6.71529	3.61544	3.28661	-23.0099	6.86182	-23.1781	6.75533	3.67185	3.36041
-23.0445	6.85747	3.68926	3.17874	-22.7862	5.74143	-22.9928	6.92146	3.74376	3.28768
-22.8326	7.03081	3.79125	3.12512	-22.6991	7.063	-22.804	7.08393	3.8135	3.21431
-22.619	7.16388	3.92679	2.96614	-22.418	6.76159	-22.6117	7.24273	3.88106	3.14038
-22.4351	7.30966	3.97061	2.8843	-22.5083	7.31524	-22.4161	7.39782	3.94647	3.06598
-22.2049	7.43181	4.17207	2.66106	-22.0543	7.85452	-22.2173	7.54917	4.00974	2.99118
-22.0236	7.59472	4.19993	2.63035	-22.1947	7.69478	-22.0154	7.69679	4.07087	2.91607
-21.8397	7.76969	4.14842	2.69614	-21.6178	9.0351	-21.8105	7.84064	4.12989	2.84074
-21.6329	7.91261	4.20119	2.63073	-21.6473	7.94	-21.6026	7.98072	4.18681	2.76526
-21.4413	8.04943	4.20529	2.58537	-21.8637	7.78661	-21.392	8.11703	4.24166	2.68971
-21.2163	8.08248	4.27535	2.29938	-21.0853	7.83229	-21.1787	8.24957	4.29447	2.61417
-21.0238	8.24456	4.19643	2.40747	-20.5503	9.28616	-20.9628	8.37833	4.34526	2.53871
-20.8474	8.39832	4.18284	2.42491	-21.0519	8.50983	-20.7444	8.50333	4.39406	2.46341
-20.6044	8.50527	4.33082	2.25829	-19.9265	9.40847	-20.5237	8.62457	4.4409	2.38835
-20.3561	8.64259	4.41694	2.22307	-20.21	8.68914	-20.3006	8.74206	4.48582	2.31358
-20.156	8.77936	4.36158	2.27629	-20.2277	8.8532	-20.0753	8.85583	4.52884	2.23919
-19.9588	8.88039	4.36359	2.19534	-20.0633	8.86724	-19.848	8.96589	4.57001	2.16524
-19.7571	9.00481	4.32338	2.22199	-19.9264	8.78179	-19.6186	9.07227	4.60937	2.09179
-19.537	9.07471	4.35611	2.08415	-19.4861	8.96665	-19.3873	9.17499	4.64694	2.01891
-19.2948	9.18111	4.44964	1.99117	-18.5719	10.2069	-19.1542	9.27409	4.68278	1.94666
-19.0102	9.26963	4.56675	1.88578	-18.6786	9.19191	-18.9193	9.36959	4.71692	1.8751
-18.7917	9.35348	4.59349	1.78241	-19.2825	8.98189	-18.6827	9.46154	4.7494	1.80429
-18.5375	9.45424	4.65712	1.72996	-18.4242	9.46852	-18.4446	9.54996	4.78028	1.73429
-18.2719	9.47891	4.79491	1.40599	-18.1634	8.72444	-18.2049	9.63492	4.80959	1.66514
-17.9802	9.60835	4.90798	1.42364	-17.7736	9.72478	-17.9639	9.71643	4.83737	1.59691
-17.7347	9.70391	4.88776	1.45948	-17.2296	9.97767	-17.7214	9.79457	4.86368	1.52964
-17.46	9.81209	4.95758	1.45551	-17.3436	9.88109	-17.4777	9.86936	4.88856	1.46338
-17.2114	9.88936	4.9876	1.38138	-17.1554	10.212	-17.2328	9.94087	4.91205	1.39818
-16.9396	10.0137	5.04562	1.43013	-16.8876	10.145	-16.9868	10.0091	4.93421	1.33408
-16.6837	10.0813	5.07372	1.34505	-16.5958	10.1078	-16.7396	10.0743	4.95507	1.27113
-16.4363	10.188	5.08806	1.36601	-16.5153	10.3091	-16.4915	10.1362	4.97469	1.20937
-16.1784	10.2563	5.12478	1.27604	-16.09	10.5824	-16.2424	10.1952	4.99311	1.14883
-15.9441	10.2765	5.10596	1.10856	-16.006	10.1843	-15.9924	10.2511	5.01039	1.08956
-15.6952	10.3447	5.09717	1.0966	-15.7234	10.41	-15.7416	10.3041	5.02655	1.03159
-15.4751	10.3334	5.05084	0.883416	-15.5699	10.1904	-15.4899	10.3543	5.04166	0.974957
-15.1813	10.3524	5.16506	0.647959	-14.2385	10.9109	-15.2376	10.4016	5.05576	0.919692
-14.9202	10.4063	5.18811	0.60065	-14.9365	10.4722	-14.9846	10.4462	5.06889	0.865828
-14.6754	10.4472	5.11826	0.660404	-14.724	9.63507	-14.7309	10.4882	5.0811	0.813394
-14.4336	10.4087	5.08818	0.425933	-14.4088	10.222	-14.4766	10.5276	5.09243	0.762418
-14.1731	10.4351	5.09693	0.376294	-13.9005	10.5238	-14.2218	10.5645	5.10293	0.712926
-13.8659	10.5929	5.21015	0.629648	-13.8049	10.9383	-13.9665	10.5989	5.11263	0.664944
-13.6065	10.6622	5.17964	0.757795	-13.3956	10.7857	-13.7107	10.631	5.12159	0.618496
-13.3587	10.659	5.16367	0.624545	-13.3556	10.5517	-13.4545	10.6608	5.12983	0.573603
-13.0943	10.6837	5.1872	0.543489	-12.9374	10.8137	-13.1979	10.6884	5.13741	0.530288
-12.8394	10.7808	5.19892	0.659807	-12.9591	11.0099	-12.9409	10.7138	5.14436	0.48857
-12.5719	10.8337	5.2119	0.684815	-12.2518	11.2495	-12.6836	10.7373	5.15071	0.448467
-12.3394	10.7973	5.16327	0.491978	-12.3713	10.6091	-12.426	10.7587	5.15651	0.409997
-12.0798	10.8372	5.15819	0.524381	-11.9352	10.9161	-12.1681	10.7783	5.16179	0.373177
-11.8341	10.9024	5.15202	0.57973	-11.9451	11.0515	-11.91	10.7961	5.16658	0.338022
-11.5558	10.922	5.19045	0.514014	-10.9703	10.9676	-11.6516	10.8121	5.17092	0.304546
-11.3282	10.9355	5.1455	0.455291	-11.4548	10.9407	-11.393	10.8265	5.17484	0.272761
-11.0659	10.8592	5.19547	-0.0373443	-11.3472	10.5111	-11.1342	10.8394	5.17836	0.242681
-10.776	10.8271	5.22575	-0.188905	-10.6009	10.6823	-10.8753	10.8509	5.18153	0.214317
-10.5218	10.8237	5.20932	-0.240395	-10.6563	10.8369	-10.6161	10.8609	5.18435	0.187679